41,8,6,3,4,2,0,0,0,1,2,2,2,3,4,3,4,4,2,2,0,0,0,0,0,0,0,0,1,1,1,3,6,8,14,16,17,20,25,33,41,47,53,63,72,83,90,99,105,113,122,128,137,144,154,168,178,190,200,214,225,235,249,259,275,282,294,302,312,321,335,346,363,372,
17,41,8,6,3,4,2,0,0,0,1,2,2,2,3,4,3,4,4,2,2,0,0,0,0,0,0,0,0,1,1,1,3,6,8,14,16,17,20,25,33,41,47,53,63,72,83,90,99,105,113,122,128,137,144,154,168,178,190,200,214,225,235,249,259,275,282,294,302,312,321,335,346,363,372,


41,8,6,3,4,2,0,0,0,1,2,2,2,3,4,3,4,4,2,2,0,0,0,0,0,0,0,0,1,1,1,3,6,8,14,16,17,



71986,19479,7001,3513,1552,835,482,294,190,127,118,88,85,88,111,104,110,104,112,81,61,29,23,11,7,8,6,5,11,15,20,27,37,51,67,75,99,

-----------------------------------------------------------------
0,0,0,0,0,0,0,0,0,0,0,0,0,0,0,0,0,0,0,0,0,0,0,0,0,0,0,0,0,0,0,0,0,0,0,0,0,0,0,0,0,0,0,0,0,0,0,0,0,0,0,0,0,0,0,0,0,0,0,0,0,0,0,0,0,0,0,0,0,0,0,0,0,0,


0,0,0,0,0,0,0,0,0,0,0,0,0,1,1,1,1,1,1,1,1,1,1,1,1,1,1,1,1,1,1,1,1,1,1,2,2,

3,3,3,3,4,5,6,6,6,7,7,7,8,9,10,10,10,10,10,11,11,12,13,13,13,13,13,13,13,13,13,13,14,14,14,15,16,


16,17,19,20,20,21,21,22,22,22,23,24,24,26,29,29,29,31,33,35,36,38,39,39,40,41,43,43,44,44,44,44,45,45,45,46,46,


46,46,47,47,48,50,51,51,52,54,57,58,61,61,61,64,66,67,68,68,69,69,70,70,71,74,74,75,76,77,77,77,77,77,77,77,78,79,80,80,80,81,83,83,84,84,86,87,87,88,89,89,89,89,89,89,89,89,89,89,89,90,90,90,90,90,90,90,90,90,90,90,90,90,
-----------------------------------------------------------------

0,0,0,0,0,0,0,0,0,0,0,0,0,0,0,0,0,0,0,0,0,0,0,0,0,0,0,0,0,0,0,0,0,0,0,0,0,


--------------------------------------------------------------------------------

0,0,0,0,0,0,0,0,0,0,0,0,0,0,0,0,0,0,0,0,0,0,0,0,0,0,0,0,0,0,0,0,0,0,0,0,0,

-----------------------------------------------------
0,0,0,0,0,0,0,0,0,0,0,0,0,0,0,0,0,0,0,0,0,0,0,0,0,0,0,0,0,0,0,0,0,0,0,0,0,

0,0,0,0,0,0,0,0,0,0,0,0,0,0,0,0,0,0,0,0,0,0,0,0,0,0,0,0,0,0,0,0,0,0,0,0,0,


0,0,0,0,0,0,0,0,0,0,0,0,0,0,0,0,0,0,0,0,0,0,0,0,0,0,0,0,0,0,0,0,0,0,0,0,0,


0,0,0,0,0,0,0,0,0,0,0,0,0,0,0,0,0,0,0,0,0,0,0,0,0,0,0,0,0,0,0,0,0,0,1,1,1,


0,0,0,0,0,0,0,0,0,0,0,0,0,0,0,0,0,0,0,0,0,0,0,0,0,0,0,0,0,0,0,0,0,0,1,1,1,


1,1,1,1,1,1,1,1,1,1,1,1,1,1,1,1,1,1,1,1,1,1,1,1,1,1,1,1,1,1,1,1,1,1,2,2,2,

((500,10) -> 250 - 287
14,14,14,16,16,18,19,22,22,22,22,24,28,28,29,31,31,32,32,32,32,33,35,35,35,35,37,38,39,39,40,40,41,41,41,42,42,(


125,125,126,130,134,138,140,144,148,149,150,152,158,158,163,167,167,169,170,170,171,172,174,174,176,177,179,181,182,183,185,185,186,186,186,187,187,125,125,126,130,134,138,140,144,148,149,150,152,158,158,163,167,167,169,170,170,171,172,174,174,176,177,179,181,182,183,185,185,186,186,186,187,187,