
without cond: 0.000000,3.250000,4.566667,2.633333,4.583333,7.483333,4.016667,2.300000,1.483333,2.600000,3.316667,4.900000,2.550000,3.033333,4.250000,3.600000,4.366667,5.816667,5.033333,3.616667,1.633333,2.566667,2.883333,2.000000,4.666667,2.683333,2.566667,2.333333,2.250000,2.950000,3.166667,3.666667,2.566667,1.833333,3.150000,3.583333,3.483333,4.400000,
with cond: 0.000000,3.116667,3.916667,3.916667,4.633333,3.600000,2.783333,2.200000,2.116667,2.683333,4.300000,2.100000,2.383333,3.866667,2.650000,3.183333,3.833333,5.533333,3.483333,1.533333,2.266667,2.850000,2.016667,2.700000,2.483333,4.383333,2.150000,1.750000,3.333333,2.650000,4.000000,3.200000,3.450000,2.200000,8.450000,2.716667,2.550000,3.950000, 0.000000,0.278333,0.196667,0.225000,0.253333,0.388333,0.320000,0.233333,0.265000,0.218333,0.335000,0.506667,0.260000,0.278333,0.385000,0.408333,0.470000,0.313333,0.245000,0.400000,0.346667,0.251667,0.475000,0.390000,0.335000,0.368333,0.360000,0.318333,0.435000,0.426667,0.306667,0.343333,0.278333,0.305000,0.286667,0.368333,0.350000,0.798333,
with cond: 0.000000,0.258333,0.421667,0.370000,0.365000,0.370000,0.375000,0.340000,0.338333,0.368333,0.426667,0.250000,0.261667,0.906667,0.996667,0.658333,0.231667,0.290000,0.225000,0.343333,0.241667,0.215000,0.396667,0.801667,0.375000,0.365000,0.251667,0.316667,0.378333,0.468333,0.341667,0.255000,0.315000,0.323333,0.363333,0.311667,0.410000,0.350000,

without cond: 0.000000,0.183333,0.156667,0.245000,0.525000,0.206667,0.205000,0.366667,0.568333,0.413333,0.273333,0.523333,0.243333,0.230000,0.288333,0.376667,0.211667,0.215000,0.270000,0.316667,0.265000,0.305000,0.233333,0.261667,0.166667,0.268333,0.211667,0.236667,0.233333,0.296667,0.425000,0.146667,0.256667,0.488333,0.371667,0.195000,0.333333,0.375000,
with cond: 0.000000,0.246667,0.340000,0.198333,0.345000,0.275000,0.648333,0.220000,0.341667,0.398333,0.365000,0.323333,0.256667,0.260000,0.218333,0.236667,0.461667,0.203333,0.345000,0.310000,0.346667,0.363333,0.253333,0.310000,0.265000,0.396667,0.203333,0.291667,0.201667,0.395000,3.745000,0.166667,0.180000,0.286667,0.241667,0.235000,0.326667,0.210000 0.000000,0.466667,0.248333,0.258333,0.215000,0.266667,0.188333,0.208333,0.261667,0.188333,0.163333,0.356667,0.210000,0.283333,0.251667,0.205000,0.231667,0.275000,0.310000,0.378333,0.265000,0.308333,0.323333,0.358333,0.243333,0.286667,0.253333,0.276667,0.383333,0.361667,0.516667,0.320000,0.226667,0.278333,0.433333,0.401667,0.410000,0.241667,
with cond: 0.000000,0.538333,0.160000,0.340000,0.343333,0.283333,0.263333,0.191667,0.226667,0.345000,0.330000,0.223333,0.408333,0.410000,0.248333,0.253333,0.221667,0.206667,0.293333,0.315000,0.298333,0.238333,0.220000,0.241667,0.271667,0.278333,0.200000,0.176667,0.281667,0.200000,0.266667,0.230000,0.245000,0.315000,0.290000,0.390000,0.526667,0.313333,
with cond: 0.000000,0.000000,0.000000,0.000000,0.000000,0.000000,0.000000,0.000000,0.000000,0.000000,0.000000,0.000000,0.000000,0.000000,0.000000,0.000000,0.000000,0.000000,0.000000,0.000000,0.000000,0.000000,0.000000,0.000000,0.000000,0.000000,0.000000,0.000000,0.000000,0.000000,0.000000,0.000000,0.000000,0.000000,0.000000,0.000000,0.000000,0.000000,
with cond: 0.000000,0.000000,0.000000,0.000000,0.000000,0.000000,0.000000,0.000000,0.000000,0.000000,0.000000,0.000000,0.000000,0.000000,0.000000,0.000000,0.000000,0.000000,0.000000,0.000000,0.000000,0.000000,0.000000,0.000000,0.000000,0.000000,0.000000,0.000000,0.000000,0.000000,0.000000,0.000000,0.000000,0.000000,0.000000,0.000000,0.000000,0.000000,
with cond: 0.000000,0.000000,0.000000,0.000000,0.000000,0.000000,0.000000,0.000000,0.000000,0.000000,0.000000,0.000000,0.000000,0.000000,0.000000,0.000000,0.000000,0.000000,0.000000,0.000000,0.000000,0.000000,0.000000,0.000000,0.000000,0.000000,0.000000,0.000000,0.000000,0.000000,0.000000,0.000000,0.000000,0.000000,0.000000,0.000000,0.000000,0.000000,
with cond: 0.000000,2304.000000,2304.000000,2304.000000,2304.000000,2304.000000,2304.000000,2304.000000,2304.000000,2304.000000,2304.000000,2304.000000,2304.000000,2304.000000,2304.000000,2304.000000,2304.000000,2304.000000,2304.000000,2304.000000,2304.000000,2304.000000,2304.000000,2304.000000,2304.000000,2304.000000,2304.000000,2304.000000,2304.000000,2304.000000,2304.000000,2304.000000,2304.000000,2304.000000,2304.000000,2304.000000,2304.000000,2304.000000,
without cond: 0.000000,0.206667,0.446667,0.326667,0.266667,0.175000,0.246667,0.290000,0.241667,0.486667,0.195000,0.260000,0.303333,0.316667,0.261667,0.351667,0.350000,0.228333,0.200000,0.251667,0.310000,0.303333,0.301667,0.376667,0.171667,0.238333,0.386667,0.301667,0.215000,0.403333,0.185000,0.310000,0.260000,0.358333,0.245000,0.263333,0.370000,0.406667,
with cond: 0.000000,0.261667,0.251667,0.301667,0.290000,0.326667,0.265000,0.265000,0.285000,0.243333,0.573333,0.278333,0.255000,0.200000,0.266667,0.320000,0.386667,0.335000,0.221667,0.410000,0.450000,0.306667,0.325000,0.328333,3.066667,0.281667,0.185000,0.333333,0.433333,0.345000,0.190000,0.180000,0.303333,0.331667,0.291667,0.275000,0.186667,0.306667,
without cond: 0.000000,0.168333,0.235000,0.393333,0.508333,0.656667,1.818333,0.220000,0.380000,0.171667,0.330000,0.633333,0.296667,0.241667,0.288333,0.285000,1.551667,0.430000,0.151667,0.363333,0.246667,0.665000,0.223333,0.256667,0.373333,0.268333,0.291667,0.208333,0.250000,0.296667,0.593333,0.328333,0.365000,0.180000,0.193333,0.276667,0.161667,0.318333,
with cond: 0.000000,0.293333,0.238333,0.956667,0.268333,0.333333,0.311667,0.200000,0.343333,0.338333,0.326667,0.445000,0.531667,0.170000,0.211667,0.366667,0.393333,0.400000,0.306667,0.216667,0.211667,0.193333,0.293333,3.778333,0.395000,0.365000,0.478333,0.296667,0.248333,0.401667,1.876667,0.268333,0.270000,0.303333,0.243333,0.238333,0.381667,0.235000,
without cond: 0.000000,0.365000,0.363333,0.416667,0.220000,0.208333,0.196667,0.211667,0.215000,0.306667,0.190000,0.466667,0.410000,0.231667,0.253333,0.258333,0.228333,3.750000,0.303333,0.291667,0.365000,0.251667,0.256667,0.170000,0.190000,0.188333,0.241667,0.201667,0.380000,0.313333,0.181667,0.623333,0.255000,0.355000,0.241667,0.221667,0.216667,0.248333,
with cond: 0.000000,0.598333,0.378333,0.238333,0.218333,0.255000,0.185000,0.421667,0.275000,0.411667,0.365000,0.298333,0.290000,0.593333,0.240000,0.233333,0.215000,0.186667,0.240000,0.210000,0.410000,0.316667,0.461667,0.276667,0.166667,0.250000,0.175000,0.270000,0.201667,0.610000,0.256667,0.421667,0.275000,0.383333,0.376667,0.265000,0.238333,0.166667,
without cond: 0.000000,0.956667,1.361667,1.323333,1.810000,4.626667,2.371667,1.620000,1.738333,0.703333,0.471667,2.188333,1.986667,2.016667,2.031667,0.740000,1.428333,1.768333,1.116667,0.775000,1.700000,2.296667,0.958333,1.558333,1.800000,2.440000,1.156667,0.705000,0.768333,0.790000,0.731667,1.988333,0.930000,1.620000,2.228333,0.876667,1.056667,0.686667,
with cond: 0.000000,1.068333,0.541667,0.288333,0.298333,0.345000,0.395000,0.350000,0.480000,0.776667,0.531667,0.336667,0.306667,0.311667,0.401667,0.293333,0.468333,0.288333,0.326667,0.243333,0.238333,0.396667,0.243333,0.291667,0.428333,0.250000,0.245000,0.293333,0.451667,0.396667,0.420000,0.511667,0.571667,0.236667,0.380000,0.338333,0.258333,0.226667,

without cond: 0.000000,0.778333,1.866667,2.011667,1.621667,0.805000,1.153333,1.561667,0.795000,0.688333,1.438333,1.415000,1.815000,1.740000,2.181667,2.363333,0.706667,1.641667,1.433333,1.400000,1.433333,1.066667,0.786667,1.140000,0.881667,1.423333,0.655000,1.683333,1.601667,0.585000,1.993333,1.436667,1.410000,1.735000,0.933333,1.500000,1.340000,0.810000,
with cond: 0.000000,0.616667,0.221667,0.376667,0.316667,0.536667,0.273333,0.288333,0.393333,0.316667,0.298333,0.318333,0.346667,0.430000,1.250000,0.513333,0.333333,0.393333,0.343333,0.240000,0.331667,0.446667,0.230000,0.428333,0.431667,0.361667,0.361667,0.305000,0.426667,0.390000,0.233333,0.288333,0.391667,0.381667,0.206667,0.350000,0.341667,0.336667,
without cond: 0.000000,0.886667,1.176667,1.528333,1.320000,1.300000,0.666667,0.716667,0.773333,0.666667,1.085000,1.226667,0.753333,1.151667,1.466667,0.915000,1.201667,1.378333,0.511667,1.671667,1.476667,1.571667,1.193333,1.536667,1.320000,0.490000,1.751667,1.696667,0.686667,0.598333,0.491667,1.015000,1.608333,1.810000,1.636667,1.325000,1.415000,1.523333,
with cond: 0.000000,0.726667,0.235000,0.475000,0.528333,0.316667,0.258333,0.326667,0.221667,0.518333,0.321667,0.465000,0.493333,0.488333,0.326667,0.236667,0.496667,0.303333,0.323333,0.433333,0.458333,0.250000,0.396667,0.298333,0.228333,0.410000,0.280000,0.286667,0.376667,0.608333,0.325000,0.470000,0.406667,0.320000,0.435000,0.376667,0.316667,0.301667,
-----------------------------------------------------------------------------









----------------------------------------------------------
(100, 20) -> 10 a 47
without cond: 0.000000,1.203333,1.013333,1.248333,1.570000,0.815000,1.428333,0.403333,0.640000,1.523333,1.406667,1.611667,1.793333,1.376667,1.856667,1.116667,1.090000,1.461667,1.218333,1.423333,0.738333,1.460000,1.423333,1.376667,0.605000,1.591667,1.656667,0.716667,1.545000,1.448333,3.110000,1.411667,0.685000,1.798333,1.430000,1.873333,2.461667,1.450000,
with cond: 0.000000,0.691667,0.241667,0.415000,0.475000,0.285000,0.233333,0.380000,0.271667,0.511667,3.513333,0.258333,0.266667,0.361667,0.358333,0.245000,0.313333,0.346667,0.408333,0.361667,0.231667,0.518333,0.281667,0.873333,0.428333,0.235000,0.198333,0.208333,0.356667,0.300000,0.388333,3.473333,0.711667,0.281667,0.275000,0.333333,0.230000,0.193333,
----------------------------------------------------------

(100, 30) -> 10 a 85
without cond: 0.000000,0.868333,1.056667,1.081667,1.266667,3.128333,1.901667,8.391666,1.121667,2.056667,1.038333,1.228333,1.680000,0.603333,1.095000,1.373333,0.946667,2.275000,0.995000,1.473333,1.230000,1.635000,0.916667,1.313333,1.711667,0.760000,0.700000,1.350000,1.676667,1.645000,1.281667,1.696667,0.463333,1.601667,0.775000,0.553333,1.911667,0.533333,
with cond: 0.000000,0.550000,0.203333,0.403333,1.188333,0.390000,0.541667,0.295000,0.358333,0.390000,0.295000,0.345000,0.331667,0.293333,0.443333,0.273333,0.286667,0.473333,0.411667,0.366667,0.235000,0.445000,0.485000,0.338333,0.691667,0.251667,0.381667,0.383333,0.320000,0.305000,0.311667,0.661667,0.396667,0.305000,0.313333,0.301667,0.481667,0.321667,
 1.235000,1.788333,1.970000,1.615000,1.465000,1.481667,0.518333,0.478333,1.056667,0.641667,0.736667,0.551667,0.613333,1.795000,1.095000,1.726667,0.500000,0.650000,1.225000,0.625000,0.651667,0.558333,1.256667,1.096667,11.783334,1.533333,1.411667,1.348333,0.516667,2.648333,2.088333,0.616667,0.511667,2.170000,0.901667,2.121667,1.570000,
 0.716667,0.293333,0.621667,0.358333,0.275000,0.358333,0.383333,0.453333,0.401667,0.721667,0.256667,0.351667,0.500000,0.328333,0.371667,0.345000,0.275000,0.326667,0.258333,0.381667,0.505000,0.308333,0.255000,0.198333,0.356667,0.396667,0.501667,0.441667,0.445000,0.406667,0.350000,0.208333,0.385000,3.761667,0.543333,0.466667,1.095000,
----------------------------------------------------------

(100, 40) -> 10 a 85
without cond: 0.000000,0.925000,1.246667,1.128333,1.041667,0.425000,0.926667,3.088333,1.830000,0.673333,0.546667,1.211667,0.836667,0.443333,0.796667,0.910000,0.453333,0.681667,1.103333,4.628334,0.738333,2.230000,0.986667,0.470000,0.620000,0.963333,1.365000,2.278333,0.708333,0.541667,0.960000,1.551667,1.563333,1.668333,1.740000,0.490000,0.670000,0.396667,
with cond: 0.000000,0.791667,0.158333,0.685000,0.473333,0.206667,0.208333,0.305000,0.215000,0.461667,0.283333,1.871667,0.238333,1.438333,0.186667,0.183333,0.190000,0.193333,0.296667,0.223333,0.168333,0.313333,0.205000,0.196667,0.166667,0.220000,0.188333,0.403333,0.150000,0.611667,0.330000,0.161667,0.286667,0.461667,0.331667,0.176667,0.211667,0.280000,
 0.455000,1.583333,1.173333,1.041667,1.163333,0.855000,0.770000,1.430000,1.678333,0.436667,1.820000,1.283333,1.471667,0.758333,0.458333,0.736667,0.520000,0.620000,0.558333,0.593333,1.031667,1.065000,1.361667,0.786667,0.808333,0.430000,1.346667,0.590000,0.546667,0.920000,1.701667,0.593333,0.708333,0.373333,1.448333,1.160000,0.708333,
  0.436667,0.205000,0.183333,0.335000,0.216667,0.178333,0.151667,0.248333,0.220000,0.238333,0.321667,0.621667,0.371667,0.265000,0.180000,0.391667,0.140000,0.145000,0.181667,0.166667,0.236667,0.175000,0.225000,0.168333,0.205000,0.206667,0.445000,0.310000,0.196667,0.165000,0.185000,0.163333,0.223333,0.233333,0.313333,0.203333,0.401667,
--------------------------------------------------------
  

(100, 50) -> 10 a 85
without cond: 0.000000,0.813333,0.505000,1.173333,0.470000,0.506667,0.448333,0.493333,0.538333,0.553333,0.421667,0.471667,0.578333,0.593333,0.873333,0.481667,0.480000,0.471667,0.890000,0.753333,2.221667,0.401667,0.458333,0.550000,0.548333,0.413333,0.505000,0.431667,0.545000,0.395000,0.885000,0.316667,0.548333,0.430000,2.510000,0.513333,0.415000,0.873333,
with cond: 0.000000,0.521667,0.246667,0.236667,0.196667,0.210000,0.320000,0.303333,0.316667,0.456667,0.500000,0.440000,0.385000,0.240000,0.375000,0.683333,0.388333,0.230000,1.056667,0.255000,0.430000,0.241667,0.253333,0.276667,0.205000,0.491667,0.280000,0.225000,0.308333,0.210000,0.331667,0.175000,0.326667,0.293333,0.246667,0.316667,0.255000,0.218333,
 0.870000,1.046667,0.408333,0.578333,0.638333,0.566667,0.431667,0.590000,0.426667,0.425000,1.883333,0.623333,1.188333,0.680000,2.098333,0.408333,0.508333,0.420000,0.728333,0.640000,0.836667,2.398333,0.535000,0.560000,0.441667,5.628334,1.133333,0.861667,0.401667,0.645000,0.421667,1.275000,1.218333,0.783333,0.470000,1.031667,0.311667,
 0.348333,0.331667,0.318333,0.156667,0.310000,0.176667,0.421667,0.253333,0.211667,0.401667,0.198333,0.210000,0.490000,0.260000,0.186667,0.196667,0.243333,0.176667,0.158333,0.226667,0.283333,0.296667,0.455000,0.205000,0.173333,0.341667,0.223333,0.181667,0.151667,0.176667,0.336667,0.245000,0.246667,0.205000,0.306667,0.253333,0.513333,
 
 

(100, 10) suite
without cond: 0.000000,0.703333,1.385000,1.046667,0.815000,0.866667,0.843333,0.973333,1.323333,1.721667,0.986667,0.891667,1.138333,1.553333,0.523333,0.398333,0.711667,0.403333,0.450000,0.416667,0.441667,0.433333,0.406667,0.608333,0.571667,0.548333,0.643333,0.443333,0.311667,0.460000,0.466667,0.855000,0.336667,0.443333,0.325000,0.525000,0.396667,0.443333,
with cond: 0.000000,0.530000,0.256667,0.378333,0.310000,0.220000,0.353333,0.165000,0.150000,0.323333,0.255000,0.188333,0.181667,0.231667,0.276667,0.268333,0.280000,0.146667,0.211667,0.290000,0.191667,0.223333,0.175000,0.231667,0.351667,0.150000,0.353333,0.260000,0.155000,0.195000,0.248333,0.331667,0.306667,0.221667,0.175000,0.150000,0.231667,0.195000,

without cond: 0.000000,0.500000,0.968333,0.978333,0.863333,0.915000,1.728333,0.930000,1.748333,0.978333,0.686667,0.480000,1.161667,1.075000,1.010000,0.425000,0.783333,1.516667,0.536667,0.485000,1.261667,0.920000,1.555000,0.808333,1.198333,0.615000,0.598333,0.970000,0.461667,1.663333,0.940000,1.328333,1.031667,0.773333,0.695000,0.421667,1.010000,0.678333,
with cond: 0.000000,0.223333,0.418333,0.196667,0.263333,0.153333,0.335000,0.305000,0.248333,0.178333,0.295000,0.243333,0.160000,0.156667,0.520000,0.315000,0.298333,0.251667,0.191667,0.145000,0.196667,0.341667,0.201667,0.295000,0.186667,0.168333,0.183333,0.326667,0.176667,0.161667,0.186667,0.156667,0.260000,0.233333,0.200000,0.173333,0.166667,0.180000,
without cond: 0.000000,0.945000,1.166667,1.263333,0.675000,0.468333,1.313333,0.718333,0.815000,0.556667,0.410000,0.310000,0.405000,1.438333,0.451667,0.746667,1.538333,1.186667,0.721667,1.410000,0.893333,0.881667,0.983333,0.430000,0.376667,0.643333,0.823333,1.873333,0.968333,0.663333,1.158333,0.793333,1.060000,1.118333,1.006667,0.635000,1.613333,1.423333,
with cond: 0.000000,0.433333,0.211667,0.265000,0.236667,0.445000,0.245000,0.146667,0.213333,0.383333,0.191667,0.191667,0.178333,0.318333,0.161667,0.175000,0.181667,0.293333,0.146667,0.201667,0.155000,0.200000,0.156667,0.203333,0.205000,0.310000,0.150000,0.178333,0.266667,0.221667,0.383333,0.288333,0.291667,0.270000,0.183333,0.155000,0.151667,0.221667,
without cond: 0.000000,0.601667,0.925000,0.858333,2.408333,1.095000,1.093333,0.540000,0.880000,1.338333,0.790000,0.470000,2.858333,1.453333,0.773333,0.810000,0.495000,0.643333,0.760000,0.661667,0.931667,1.031667,0.741667,0.608333,0.966667,0.485000,0.471667,0.478333,0.378333,0.891667,0.376667,1.018333,1.040000,1.560000,1.318333,0.906667,0.941667,0.903333,
with cond: 0.000000,0.503333,0.525000,0.211667,0.246667,0.211667,0.203333,0.220000,0.183333,0.216667,0.471667,0.245000,0.213333,0.151667,0.328333,0.248333,0.170000,0.303333,0.200000,0.193333,0.203333,0.208333,0.140000,0.143333,0.348333,0.195000,0.248333,0.270000,0.201667,0.263333,0.165000,0.206667,0.141667,0.183333,0.195000,0.215000,0.291667,0.208333,
without cond: 0.000000,1.345000,0.801667,1.105000,0.601667,1.451667,0.733333,0.973333,1.035000,1.180000,0.786667,0.896667,0.378333,0.921667,1.451667,1.653333,1.300000,1.048333,0.636667,1.538333,0.888333,0.615000,1.618333,1.023333,0.610000,0.446667,1.206667,0.778333,0.566667,0.640000,0.416667,0.480000,0.718333,0.358333,0.380000,0.391667,0.453333,0.475000,
with cond: 0.000000,0.173333,0.201667,0.218333,0.478333,0.436667,0.188333,0.171667,0.175000,0.156667,0.193333,0.263333,0.391667,0.263333,0.403333,0.196667,0.233333,0.273333,0.246667,0.366667,0.178333,0.146667,0.471667,0.201667,0.168333,0.248333,0.220000,0.223333,0.271667,0.176667,0.356667,0.186667,0.375000,0.236667,0.160000,0.420000,0.140000,0.255000,
without cond: 0.000000,0.558333,1.075000,0.780000,1.091667,0.491667,0.911667,0.771667,1.056667,1.218333,0.991667,1.011667,1.625000,0.703333,1.450000,0.551667,0.713333,1.148333,0.428333,0.758333,0.730000,0.500000,0.435000,0.405000,0.695000,0.553333,0.786667,0.505000,0.535000,0.806667,1.620000,1.366667,0.958333,0.520000,0.428333,1.031667,0.473333,0.543333,
with cond: 0.000000,0.445000,0.190000,0.270000,0.213333,0.163333,0.208333,0.275000,0.158333,0.178333,0.213333,0.168333,0.270000,0.250000,0.293333,0.301667,0.298333,0.300000,0.145000,0.173333,0.218333,0.335000,0.293333,0.235000,0.218333,0.196667,0.245000,0.273333,0.278333,0.221667,0.353333,0.160000,0.255000,0.270000,0.153333,0.236667,0.718333,0.165000,
without cond: 0.000000,1.600000,1.006667,1.008333,0.843333,0.935000,1.501667,0.768333,0.916667,0.805000,1.471667,1.135000,0.683333,0.988333,0.365000,1.060000,0.481667,0.780000,0.610000,0.590000,0.515000,0.585000,0.433333,0.958333,1.300000,0.648333,0.410000,1.526667,1.965000,0.360000,0.440000,0.618333,0.441667,0.421667,0.831667,1.118333,0.645000,1.040000,
with cond: 0.000000,0.575000,0.211667,0.248333,0.161667,0.188333,0.185000,0.333333,0.286667,0.206667,0.236667,0.150000,0.255000,0.165000,0.186667,0.191667,0.585000,0.236667,0.210000,0.191667,0.190000,0.203333,0.205000,0.233333,0.280000,0.313333,0.261667,0.193333,0.163333,0.183333,0.183333,0.353333,0.191667,0.198333,0.165000,0.206667,0.165000,0.163333,





without cond: 0.000000,0.685000,1.866667,1.523333,1.513333,1.560000,1.615000,0.663333,0.956667,1.598333,0.741667,1.565000,0.943333,0.606667,2.721667,0.773333,1.258333,0.665000,2.223333,2.225000,1.481667,5.148334,1.383333,1.475000,1.996667,1.428333,0.981667,0.398333,0.975000,0.950000,0.638333,0.601667,1.433333,0.448333,1.523333,0.405000,0.450000,0.458333,
with cond: 0.000000,0.520000,0.398333,0.581667,0.315000,1.133333,0.370000,0.288333,0.238333,0.351667,0.298333,0.313333,0.470000,0.423333,0.323333,0.460000,0.310000,0.423333,0.350000,0.231667,0.448333,0.423333,0.455000,0.280000,0.315000,0.328333,0.280000,0.280000,0.198333,0.246667,0.205000,0.241667,0.230000,0.285000,0.205000,0.210000,0.343333,0.193333,



without cond: 0.000000,0.510000,0.431667,0.463333,0.878333,0.365000,0.353333,0.365000,2.890000,0.325000,0.431667,0.500000,0.391667,0.310000,0.271667,0.740000,0.823333,0.230000,0.248333,0.271667,0.348333,0.276667,0.621667,0.435000,0.553333,0.535000,0.463333,0.690000,0.286667,0.210000,0.350000,0.218333,0.541667,0.411667,0.465000,0.323333,0.646667,0.718333,0.000000,0.000000,0.000000,0.000000,0.000000,0.000000,0.000000,0.000000,0.000000,0.000000,0.000000,0.000000,0.000000,0.000000,0.000000,0.000000,0.000000,0.000000,0.000000,0.000000,0.000000,0.000000,0.000000,0.000000,0.000000,0.000000,0.000000,0.000000,0.000000,0.000000,0.000000,0.000000,0.000000,0.000000,0.000000,0.000000,0.000000,0.000000,0.000000,0.000000,0.000000,0.000000,0.000000,0.000000,0.000000,0.000000,0.000000,0.000000,0.000000,0.000000,0.000000,0.000000,
with cond: 0.000000,0.638333,0.363333,0.358333,0.380000,0.416667,0.275000,0.300000,0.375000,0.453333,0.438333,0.331667,0.451667,0.383333,0.461667,0.491667,0.465000,0.385000,1.303333,0.285000,0.511667,0.390000,0.633333,0.348333,0.453333,0.450000,0.590000,0.538333,0.523333,0.198333,0.221667,0.225000,0.245000,0.310000,0.295000,0.321667,0.430000,0.348333,0.000000,0.000000,0.000000,0.000000,0.000000,0.000000,0.000000,0.000000,0.000000,0.000000,0.000000,0.000000,-0.000000,0.000000,0.000000,0.000000,0.000000,-0.000000,0.000000,0.000000,0.000000,0.000000,0.000000,0.000000,0.000000,0.000000,0.000000,0.000000,0.000000,0.000000,0.000000,0.000000,0.000000,0.000000,0.000000,0.000000,-1719290740640793257948700494266368.000000,0.000000,0.000000,0.000000,0.000000,0.000000,0.000000,0.000000,0.000000,0.000000,-356212294544211032581123398959104.000000,0.000000,-1717997712269759678251568359014400.000000,0.000000,0.000000,0.000000,
without cond: 0.000000,0.196667,0.215000,0.216667,0.915000,0.308333,0.313333,0.266667,0.203333,0.285000,0.196667,0.191667,0.205000,0.281667,0.351667,0.190000,0.220000,0.253333,0.401667,0.395000,0.353333,0.441667,0.275000,0.233333,0.655000,0.173333,0.231667,0.185000,0.170000,0.198333,0.593333,0.220000,0.250000,0.240000,0.263333,0.385000,0.250000,0.231667,0.000000,0.000000,0.000000,0.000000,0.000000,0.000000,0.000000,0.000000,0.000000,0.000000,0.000000,0.000000,0.000000,0.000000,0.000000,0.000000,0.000000,0.000000,0.000000,0.000000,0.000000,0.000000,0.000000,0.000000,0.000000,0.000000,0.000000,0.000000,0.000000,0.000000,0.000000,0.000000,0.000000,0.000000,0.000000,0.000000,0.000000,0.000000,0.000000,0.000000,0.000000,0.000000,0.000000,0.000000,0.000000,0.000000,0.000000,0.000000,0.000000,0.000000,0.000000,0.000000,
with cond: 0.000000,0.241667,0.148333,0.471667,0.288333,0.188333,3.425000,0.228333,0.201667,0.265000,0.335000,0.186667,0.191667,0.215000,0.280000,0.141667,0.208333,0.185000,0.316667,0.380000,0.460000,0.396667,0.406667,0.183333,0.401667,0.203333,0.245000,0.215000,0.263333,0.231667,0.240000,0.185000,0.326667,0.193333,0.276667,0.323333,0.155000,0.226667,0.000000,0.000000,0.000000,0.000000,0.000000,0.000000,0.000000,0.000000,0.000000,0.000000,0.000000,0.000000,147758203857631394660352.000000,0.000000,0.000000,0.000000,0.000000,0.000000,0.000000,0.000000,0.000000,0.000000,0.000000,0.000000,0.000000,-0.000000,0.000000,0.000000,0.000000,0.000000,0.000000,0.000000,0.000000,0.000000,0.000000,0.000000,0.000000,0.000000,0.000000,0.000000,0.000000,0.000000,0.000000,0.000000,0.000000,0.000000,10276928.000000,0.000000,5520767946764765974587519070390714368.000000,0.000000,0.000000,0.000000,




without cond: 0.004841,0.451667,0.468333,0.305000,0.846667,0.320000,0.666667,0.963333,0.671667,0.428333,0.341667,0.576667,0.481667,0.693333,0.648333,1.686667,2.751667,0.363333,0.338333,0.485000,0.863333,0.495000,2.056667,0.761667,0.715000,0.646667,0.928333,0.376667,0.328333,0.773333,0.301667,1.361667,0.461667,0.453333,0.361667,1.103333,0.780000,0.616667,0.000000,0.000000,0.000000,0.000000,0.000000,0.000000,0.000000,0.000000,0.000000,0.000000,0.000000,0.000000,0.000000,0.000000,0.000000,0.000000,0.000000,0.000000,0.000000,0.000000,0.000000,0.000000,0.000000,0.000000,0.000000,0.000000,0.000000,0.000000,0.000000,0.000000,0.000000,0.000000,0.000000,0.000000,0.000000,0.000000,0.000000,0.000000,0.000000,0.000000,0.000000,0.000000,0.000000,0.000000,0.000000,0.000000,0.000000,0.000000,0.000000,0.000000,0.000000,0.000000,
with cond: 0.000000,0.533333,0.176667,0.388333,0.255000,0.233333,0.208333,0.171667,0.536667,0.178333,0.205000,0.243333,0.183333,0.245000,0.525000,0.235000,0.200000,0.150000,0.261667,0.186667,0.376667,0.211667,0.246667,0.160000,0.200000,0.238333,0.248333,0.381667,0.166667,0.191667,0.191667,0.143333,0.306667,0.180000,0.263333,0.230000,0.365000,0.193333,0.000000,0.000000,0.000000,0.000000,0.000000,0.000000,0.000000,0.000000,0.000000,0.000000,0.000000,0.000000,-0.000000,0.000000,0.000000,0.000000,0.000000,0.000000,0.000000,0.000000,0.000000,-0.000000,0.000000,0.000000,0.000000,0.000000,0.000000,0.000000,0.000000,0.000000,0.000000,0.000000,0.000000,0.000000,0.000000,0.000000,0.000000,0.000000,0.000000,0.000000,0.000000,0.000000,0.000000,0.000000,0.000000,0.000000,0.004839,0.000000,0.000000,0.000000,0.000000,0.000000,
without cond: 0.000000,0.241667,0.306667,0.201667,0.265000,0.435000,0.161667,0.321667,0.271667,0.205000,0.351667,0.441667,0.203333,0.305000,0.506667,0.338333,0.185000,0.196667,0.155000,0.453333,0.251667,0.776667,0.246667,0.290000,0.253333,0.220000,0.371667,3.510000,3.566667,0.243333,0.391667,0.325000,0.210000,0.203333,0.215000,0.276667,0.228333,0.420000,0.000000,0.000000,0.000000,0.000000,0.000000,0.000000,0.000000,0.000000,0.000000,0.000000,0.000000,0.000000,0.000000,0.000000,0.000000,0.000000,0.000000,0.000000,0.000000,0.000000,0.000000,0.000000,0.000000,0.000000,0.000000,0.000000,0.000000,0.000000,0.000000,0.000000,0.000000,0.000000,0.000000,0.000000,0.000000,0.000000,0.000000,0.000000,-170141183460469231731687303715884105728.000000,0.000000,0.000000,0.000000,0.000000,0.000000,0.000000,0.000000,0.000000,0.000000,0.000000,0.000000,0.000000,0.000000,
with cond: 0.000000,0.375000,0.306667,0.168333,0.248333,0.346667,0.488333,0.260000,0.248333,0.145000,0.346667,0.391667,0.243333,0.188333,0.390000,0.216667,0.150000,0.145000,0.166667,0.268333,0.278333,0.315000,0.463333,0.325000,0.400000,0.266667,0.430000,0.643333,0.520000,0.231667,0.226667,0.201667,0.245000,0.230000,0.190000,0.275000,0.233333,0.208333,0.000000,0.000000,0.000000,0.000000,0.000000,0.000000,0.000000,0.000000,0.000000,0.000000,0.000000,0.000000,-1928663241886531584.000000,0.000000,0.000000,0.000000,0.000000,0.000000,0.000000,0.000000,0.000000,0.000000,0.000000,0.000000,0.000000,-0.000000,0.000000,0.000000,0.000000,0.000000,0.000000,0.000000,0.000000,0.000000,0.000000,0.000000,0.000000,0.000000,0.000000,0.000000,0.000000,0.000000,0.000000,0.000000,0.000000,0.000000,-18088064.000000,0.000000,0.000000,0.000000,0.000000,0.000000,
without cond: 0.000000,0.343333,0.418333,0.295000,0.358333,0.385000,0.556667,0.820000,0.405000,0.221667,0.230000,0.570000,0.308333,0.705000,0.338333,0.438333,0.353333,0.471667,0.256667,0.543333,0.301667,0.886667,0.333333,0.441667,0.265000,0.386667,1.920000,0.478333,0.350000,0.250000,0.450000,0.340000,0.331667,0.863333,0.371667,0.660000,0.426667,0.930000,0.000000,0.000000,0.000000,0.000000,0.000000,0.000000,0.000000,0.000000,0.000000,0.000000,0.000000,0.000000,0.000000,0.000000,0.000000,0.000000,0.000000,0.000000,0.000000,0.000000,0.000000,0.000000,0.000000,0.000000,0.000000,0.000000,0.000000,0.000000,0.000000,0.000000,-170141183460469231731687303715884105728.000000,0.000000,0.000000,0.000000,0.000000,0.000000,0.000000,0.000000,0.000000,0.000000,0.000000,0.000000,0.000000,0.000000,0.000000,0.000000,0.000000,0.000000,0.000000,0.000000,0.000000,0.000000,
with cond: 0.000000,0.430000,0.256667,0.855000,5.905000,0.293333,0.360000,0.803333,0.450000,0.440000,0.255000,0.201667,0.578333,0.451667,0.363333,0.556667,0.456667,0.253333,0.321667,0.251667,0.216667,0.406667,0.273333,0.358333,0.260000,0.223333,0.376667,0.403333,0.298333,0.218333,0.901667,0.288333,0.198333,0.448333,0.556667,0.316667,0.440000,0.725000,0.000000,0.000000,0.000000,0.000000,0.000000,0.000000,0.000000,0.000000,0.000000,0.000000,0.000000,0.000000,-0.000000,0.000000,0.000000,0.000000,0.000000,-0.000000,0.000000,0.000000,0.000000,0.000000,0.000000,0.000000,0.000000,0.000000,0.000000,0.000000,0.000000,0.000000,0.000000,0.000000,0.000000,0.000000,0.000000,0.000000,-5900982149250547712.000000,0.000000,0.000000,0.000000,0.000000,0.000000,0.000000,0.000000,0.000000,0.000000,0.000000,0.000000,-5896388389669699584.000000,0.000000,0.000000,0.000000,
without cond: 0.000000,0.338333,0.316667,0.885000,0.485000,0.296667,0.551667,0.253333,0.323333,0.306667,0.400000,0.385000,0.470000,0.375000,0.313333,0.648333,0.430000,0.476667,0.370000,0.328333,0.228333,0.316667,0.321667,0.431667,0.553333,0.593333,0.441667,0.495000,0.410000,0.868333,0.508333,0.370000,0.428333,0.363333,0.338333,0.326667,0.360000,0.291667,0.000000,0.000000,0.000000,0.000000,0.000000,0.000000,0.000000,0.000000,0.000000,0.000000,0.000000,0.000000,0.000000,0.000000,0.000000,0.000000,0.000000,0.000000,0.000000,0.000000,0.000000,0.000000,0.000000,0.000000,0.000000,0.000000,0.000000,0.000000,0.000000,0.000000,-170141183460469231731687303715884105728.000000,0.000000,0.000000,0.000000,0.000000,0.000000,0.000000,0.000000,0.000000,0.000000,0.000000,0.000000,0.000000,0.000000,0.000000,0.000000,0.000000,0.000000,0.000000,0.000000,0.000000,0.000000,
with cond: 0.000000,0.421667,0.305000,0.256667,0.290000,0.283333,0.375000,0.538333,0.311667,0.463333,0.358333,0.361667,0.380000,0.280000,0.476667,0.423333,0.631667,0.313333,0.316667,0.453333,0.266667,0.200000,3.820000,0.271667,0.471667,0.378333,0.393333,0.725000,0.223333,0.386667,0.745000,0.300000,0.345000,0.470000,0.338333,0.678333,0.390000,0.338333,0.000000,0.000000,0.000000,0.000000,0.000000,0.000000,0.000000,0.000000,0.000000,0.000000,0.000000,0.000000,1194493.000000,0.000000,0.000000,0.000000,0.000000,-0.000000,0.000000,0.000000,0.000000,0.000000,0.000000,0.000000,0.000000,0.000000,0.000000,0.000000,0.000000,0.000000,0.000000,0.000000,0.000000,0.000000,0.000000,0.000000,10567978000601579520.000000,0.000000,0.000000,0.000000,0.000000,0.000000,0.000000,0.000000,0.000000,0.000000,-0.000000,0.000000,10558790481439883264.000000,0.000000,0.000000,0.000000,




without cond: 0.000000,0.453333,0.321667,0.341667,0.430000,0.548333,0.633333,0.566667,0.606667,0.505000,0.425000,0.528333,0.318333,0.550000,0.658333,0.440000,0.381667,0.495000,0.315000,0.361667,0.291667,0.308333,1.225000,0.236667,0.298333,0.608333,0.366667,0.273333,0.391667,0.436667,0.496667,0.306667,0.410000,0.526667,0.331667,0.410000,0.286667,0.460000,0.000000,0.000000,0.000000,0.000000,0.000000,0.000000,0.000000,0.000000,0.000000,0.000000,0.000000,0.000000,0.000000,0.000000,0.000000,0.000000,0.000000,0.000000,0.000000,0.000000,0.000000,0.000000,0.000000,0.000000,0.000000,0.000000,0.000000,0.000000,0.000000,0.000000,0.000000,0.000000,0.000000,0.000000,0.000000,0.000000,0.000000,0.000000,0.000000,0.000000,0.000000,0.000000,0.000000,0.000000,0.000000,0.000000,0.000000,0.000000,0.000000,0.000000,0.000000,0.000000,
with cond: 0.000000,0.853333,0.271667,0.731667,1.106667,0.370000,0.430000,0.478333,0.491667,0.325000,0.458333,0.365000,0.273333,0.371667,0.300000,0.365000,0.263333,0.283333,1.106667,0.268333,0.250000,0.408333,0.208333,0.973333,0.335000,0.353333,0.455000,0.221667,0.536667,0.216667,0.333333,0.305000,0.301667,0.318333,0.220000,0.458333,0.328333,0.243333,0.000000,0.000000,0.000000,0.000000,0.000000,0.000000,0.000000,0.000000,0.000000,0.000000,0.000000,0.000000,-0.000000,0.000000,0.000000,0.000000,0.000000,0.000000,0.000000,0.000000,0.000000,0.000000,0.000000,0.000000,0.000000,0.000000,0.000000,0.000000,0.000000,-0.000000,0.000000,0.000000,0.000000,0.000000,0.000000,0.000000,0.000000,0.000000,0.000000,0.000000,0.000000,0.000000,0.000000,0.000000,0.000000,0.000000,-20374572944600275615744.000000,0.000000,1393624901872442412703198216192.000000,0.000000,0.000000,0.000000,
without cond: 9267073676135740705712543293767680.000000,0.450000,0.353333,0.336667,0.316667,0.228333,0.276667,0.401667,0.926667,0.856667,0.390000,0.813333,0.371667,0.350000,0.421667,0.441667,0.375000,0.638333,0.406667,0.545000,0.430000,0.488333,1.400000,0.265000,0.435000,0.411667,0.296667,0.341667,0.496667,0.550000,0.463333,0.236667,0.291667,0.270000,0.263333,0.411667,0.291667,0.333333,0.000000,0.000000,0.000000,0.000000,0.000000,0.000000,0.000000,0.000000,0.000000,0.000000,0.000000,0.000000,0.000000,0.000000,0.000000,0.000000,0.000000,0.000000,0.000000,0.000000,0.000000,0.000000,0.000000,0.000000,0.000000,0.000000,0.000000,0.000000,0.000000,0.000000,0.000000,0.000000,0.000000,0.000000,0.000000,0.000000,0.000000,0.000000,0.000000,0.000000,0.000000,0.000000,0.000000,0.000000,0.000000,0.000000,0.000000,0.000000,0.000000,0.000000,0.000000,0.000000,
with cond: 0.000000,0.570000,0.290000,0.311667,0.341667,0.416667,0.186667,1.028333,0.285000,0.490000,0.370000,0.321667,2.106667,0.298333,0.351667,0.363333,0.350000,0.395000,0.528333,0.638333,0.291667,0.385000,0.398333,0.230000,0.205000,0.380000,0.256667,0.346667,0.595000,0.713333,0.271667,0.338333,0.213333,0.301667,0.193333,0.225000,0.493333,0.270000,0.000000,0.000000,0.000000,0.000000,0.000000,0.000000,0.000000,0.000000,0.000000,0.000000,0.000000,0.000000,0.000000,0.000000,0.000000,0.000000,0.000000,0.000000,0.000000,0.000000,0.000000,-0.000000,0.000000,0.000000,0.000000,0.000000,0.000000,0.000000,0.000000,0.000000,0.000000,0.000000,0.000000,0.000000,0.000000,0.000000,174.847656,0.000000,0.000000,0.000000,0.000000,0.000000,0.000000,0.000000,0.000000,0.000000,9264030200549157598306703796862976.000000,0.000000,174.720154,0.000000,0.000000,0.000000,
without cond: 0.000000,0.270000,0.541667,0.391667,0.446667,0.550000,0.468333,0.380000,0.363333,0.455000,0.636667,0.400000,0.241667,0.546667,0.236667,0.316667,0.678333,0.240000,0.263333,0.353333,0.378333,1.611667,0.518333,0.435000,0.456667,0.325000,0.291667,0.428333,0.453333,0.506667,0.505000,0.505000,0.403333,0.343333,0.285000,0.343333,0.460000,0.470000,0.000000,0.000000,0.000000,0.000000,0.000000,0.000000,0.000000,0.000000,0.000000,0.000000,0.000000,0.000000,0.000000,0.000000,0.000000,0.000000,0.000000,0.000000,0.000000,0.000000,0.000000,0.000000,0.000000,0.000000,0.000000,0.000000,0.000000,0.000000,0.000000,0.000000,0.000000,0.000000,0.000000,0.000000,0.000000,0.000000,0.000000,0.000000,0.000000,0.000000,0.000000,0.000000,0.000000,0.000000,0.000000,0.000000,0.000000,0.000000,0.000000,0.000000,0.000000,0.000000,
with cond: 0.000000,0.581667,0.263333,0.283333,0.276667,0.520000,0.478333,0.255000,0.428333,0.263333,0.600000,0.663333,0.180000,0.403333,0.205000,0.318333,0.383333,0.256667,0.261667,0.230000,0.365000,2.408333,2.305000,0.391667,0.371667,0.525000,0.345000,0.736667,0.335000,0.580000,0.378333,0.348333,0.293333,0.260000,0.353333,0.416667,0.463333,0.300000,0.000000,0.000000,0.000000,0.000000,0.000000,0.000000,0.000000,0.000000,0.000000,0.000000,0.000000,0.000000,0.000000,0.000000,0.000000,0.000000,0.000000,0.000000,0.000000,0.000000,0.000000,0.000000,0.000000,0.000000,0.000000,-0.000000,0.000000,0.000000,0.000000,0.000000,0.000000,0.000000,0.000000,0.000000,0.000000,0.000000,0.000000,0.000000,0.000000,0.000000,0.000000,0.000000,0.000000,0.000000,0.000000,0.000000,0.000000,0.000000,-8399930523648.000000,0.000000,0.000000,0.000000,
without cond: 0.000000,0.390000,0.496667,0.296667,0.386667,0.326667,0.633333,0.353333,0.405000,0.391667,0.260000,0.281667,0.378333,0.635000,0.378333,3.600000,0.445000,0.286667,0.310000,0.381667,0.393333,0.530000,0.470000,0.385000,0.580000,0.381667,0.350000,0.408333,0.468333,0.686667,0.326667,0.273333,0.420000,0.238333,0.338333,0.318333,0.385000,0.273333,0.000000,0.000000,0.000000,0.000000,0.000000,0.000000,0.000000,0.000000,0.000000,0.000000,0.000000,0.000000,0.000000,0.000000,0.000000,0.000000,0.000000,0.000000,0.000000,0.000000,0.000000,0.000000,0.000000,0.000000,0.000000,0.000000,0.000000,0.000000,0.000000,0.000000,0.000000,0.000000,0.000000,0.000000,0.000000,0.000000,0.000000,0.000000,0.000000,0.000000,0.000000,0.000000,0.000000,0.000000,0.000000,0.000000,0.000000,0.000000,0.000000,0.000000,0.000000,0.000000,
with cond: 0.000000,0.813333,0.490000,0.611667,2.908333,0.353333,0.401667,0.260000,0.256667,0.288333,0.348333,0.296667,0.355000,0.320000,0.235000,0.243333,0.388333,0.305000,2.128333,0.223333,0.323333,0.303333,0.403333,0.630000,0.395000,0.418333,0.545000,1.641667,0.243333,0.283333,1.036667,0.381667,0.361667,0.596667,0.470000,0.288333,0.288333,0.508333,0.000000,0.000000,0.000000,0.000000,0.000000,0.000000,0.000000,0.000000,0.000000,0.000000,0.000000,0.000000,513714477287460500921332799635456.000000,0.000000,0.000000,0.000000,0.000000,0.000000,0.000000,0.000000,0.000000,0.000000,0.000000,0.000000,0.000000,0.000000,0.000000,0.000000,0.000000,-0.000000,0.000000,0.000000,0.000000,0.000000,0.000000,0.000000,0.000000,0.000000,0.000000,0.000000,0.000000,0.000000,0.000000,0.000000,0.000000,0.000000,0.000000,0.000000,-38744.359375,0.000000,0.000000,0.000000,
without cond: 0.000000,0.695000,0.380000,0.326667,0.296667,0.255000,0.415000,0.421667,0.196667,0.268333,0.405000,0.348333,0.766667,0.396667,0.275000,0.275000,0.316667,0.456667,0.386667,0.260000,0.243333,0.483333,0.275000,0.431667,0.540000,0.388333,0.281667,0.258333,0.371667,0.573333,0.243333,0.448333,0.221667,0.546667,0.360000,0.355000,0.385000,0.253333,0.000000,0.000000,0.000000,0.000000,0.000000,0.000000,0.000000,0.000000,0.000000,0.000000,0.000000,0.000000,0.000000,0.000000,0.000000,0.000000,0.000000,0.000000,0.000000,0.000000,0.000000,0.000000,0.000000,0.000000,0.000000,0.000000,0.000000,0.000000,0.000000,0.000000,0.000000,0.000000,0.000000,0.000000,0.000000,0.000000,0.000000,0.000000,0.000000,0.000000,0.000000,0.000000,0.000000,0.000000,0.000000,0.000000,0.000000,0.000000,0.000000,0.000000,0.000000,0.000000,
with cond: 0.000000,0.801667,0.236667,0.341667,0.236667,0.678333,0.303333,2.985000,0.458333,0.230000,0.413333,0.305000,0.210000,0.340000,0.188333,0.363333,0.246667,0.418333,0.436667,0.248333,0.456667,0.205000,0.261667,0.356667,0.350000,0.583333,0.206667,0.371667,0.286667,0.515000,0.883333,0.531667,0.238333,0.261667,0.356667,0.240000,0.338333,0.298333,0.000000,0.000000,0.000000,0.000000,0.000000,0.000000,0.000000,0.000000,0.000000,0.000000,0.000000,0.000000,0.000000,0.000000,0.000000,0.000000,0.000000,0.000000,0.000000,0.000000,0.000000,0.000000,0.000000,0.000000,0.000000,0.000000,0.000000,0.000000,0.000000,-0.000000,0.000000,0.000000,0.000000,0.000000,0.000000,0.000000,0.000000,0.000000,0.000000,0.000000,0.000000,0.000000,0.000000,0.000000,0.000000,0.000000,-0.027283,0.000000,22720862430223663104.000000,0.000000,0.000000,0.000000,




without cond: 0.000000,0.278333,0.323333,0.290000,0.381667,0.230000,0.280000,0.366667,0.358333,0.510000,0.335000,0.403333,0.401667,0.495000,0.485000,0.428333,0.446667,0.245000,0.355000,0.346667,0.773333,0.455000,0.383333,0.261667,0.461667,0.500000,0.323333,0.606667,0.496667,0.681667,0.503333,0.251667,0.191667,0.461667,0.403333,0.513333,0.521667,0.410000,0.000000,0.000000,0.000000,0.000000,0.000000,0.000000,0.000000,0.000000,0.000000,0.000000,0.000000,0.000000,0.000000,0.000000,0.000000,0.000000,0.000000,0.000000,0.000000,0.000000,0.000000,0.000000,0.000000,0.000000,0.000000,0.000000,0.000000,0.000000,0.000000,0.000000,0.000000,0.000000,0.000000,0.000000,0.000000,0.000000,0.000000,0.000000,0.000000,0.000000,0.000000,0.000000,0.000000,0.000000,0.000000,0.000000,0.000000,0.000000,0.000000,0.000000,0.000000,0.000000,
with cond: 0.000000,0.391667,0.288333,0.336667,0.331667,0.206667,0.348333,0.200000,0.418333,0.373333,0.415000,0.298333,0.418333,0.401667,0.333333,0.290000,0.305000,0.253333,0.516667,0.263333,0.243333,0.290000,0.586667,0.258333,0.396667,0.255000,0.498333,0.371667,0.358333,0.428333,0.566667,0.266667,0.515000,0.263333,0.261667,0.346667,0.321667,0.471667,0.000000,0.000000,0.000000,0.000000,0.000000,0.000000,0.000000,0.000000,0.000000,0.000000,0.000000,0.000000,11456433417325648724099072.000000,0.000000,0.000000,0.000000,0.000000,0.000000,0.000000,0.000000,0.000000,0.000000,0.000000,0.000000,0.000000,0.000000,0.000000,0.000000,0.000000,-0.000000,0.000000,0.000000,0.000000,0.000000,0.000000,0.000000,0.000000,0.000000,0.000000,0.000000,0.000000,0.000000,0.000000,0.000000,0.000000,0.000000,-3057731239848003113067632132096.000000,0.000000,-0.000000,0.000000,0.000000,0.000000,

without cond: -0.000000,0.298333,0.356667,0.286667,0.388333,0.565000,0.215000,0.531667,0.573333,0.350000,0.431667,0.320000,0.573333,0.205000,0.411667,0.283333,0.335000,0.258333,0.598333,0.266667,0.996667,0.278333,0.263333,0.246667,0.226667,0.238333,0.315000,0.443333,0.715000,0.370000,0.260000,0.331667,0.338333,0.301667,0.541667,0.288333,0.366667,0.406667,0.000000,0.000000,0.000000,0.000000,0.000000,0.000000,0.000000,0.000000,0.000000,0.000000,0.000000,0.000000,0.000000,0.000000,0.000000,0.000000,0.000000,0.000000,0.000000,0.000000,0.000000,0.000000,0.000000,0.000000,0.000000,0.000000,0.000000,0.000000,0.000000,0.000000,0.000000,0.000000,0.000000,0.000000,0.000000,0.000000,0.000000,0.000000,0.000000,0.000000,0.000000,0.000000,0.000000,0.000000,0.000000,0.000000,0.000000,0.000000,0.000000,0.000000,0.000000,0.000000,
with cond: 0.000000,0.781667,0.275000,0.340000,0.350000,0.383333,0.268333,0.255000,0.388333,0.238333,0.211667,0.181667,0.596667,0.333333,0.223333,0.461667,0.250000,0.266667,0.325000,0.261667,0.433333,0.256667,0.338333,0.361667,0.343333,0.220000,0.255000,0.461667,0.476667,0.403333,0.278333,0.306667,0.323333,0.221667,0.426667,0.225000,0.211667,0.460000,0.000000,0.000000,0.000000,0.000000,0.000000,0.000000,0.000000,0.000000,0.000000,0.000000,0.000000,0.000000,0.000000,0.000000,0.000000,0.000000,0.000000,0.000000,0.000000,0.000000,0.000000,-0.000000,0.000000,0.000000,0.000000,0.000000,0.000000,0.000000,0.000000,0.000000,0.000000,0.000000,0.000000,0.000000,0.000000,0.000000,10623232.000000,0.000000,0.000000,0.000000,0.000000,0.000000,0.000000,0.000000,0.000000,0.000000,-0.000000,0.000000,10614876.000000,0.000000,0.000000,0.000000,

without cond: 0.000000,0.328333,0.248333,0.253333,0.231667,0.263333,0.208333,0.248333,0.276667,0.243333,0.331667,0.206667,0.381667,0.330000,0.290000,0.156667,0.390000,0.175000,0.183333,0.420000,0.526667,0.196667,0.233333,0.215000,0.211667,0.226667,0.156667,0.258333,0.253333,0.258333,0.190000,0.271667,0.176667,0.178333,0.196667,0.193333,0.186667,0.175000,0.000000,0.000000,0.000000,0.000000,0.000000,0.000000,0.000000,0.000000,0.000000,0.000000,0.000000,0.000000,0.000000,0.000000,0.000000,0.000000,0.000000,0.000000,0.000000,0.000000,0.000000,0.000000,0.000000,0.000000,0.000000,0.000000,0.000000,0.000000,0.000000,0.000000,0.000000,0.000000,0.000000,0.000000,0.000000,0.000000,0.000000,0.000000,0.000000,0.000000,0.000000,0.000000,0.000000,0.000000,0.000000,0.000000,0.000000,0.000000,0.000000,0.000000,0.000000,0.000000,
with cond: 0.000000,0.173333,0.176667,0.320000,0.333333,0.248333,0.263333,0.261667,0.251667,0.213333,0.341667,0.176667,0.215000,0.498333,0.148333,0.150000,0.188333,0.425000,0.153333,0.403333,0.261667,0.300000,0.225000,0.180000,0.250000,0.156667,0.228333,0.185000,0.265000,0.406667,0.431667,0.211667,0.176667,0.146667,0.183333,0.230000,0.206667,0.171667,0.000000,0.000000,0.000000,0.000000,0.000000,0.000000,0.000000,0.000000,0.000000,0.000000,0.000000,0.000000,0.565917,0.000000,0.000000,0.000000,0.000000,0.000000,0.000000,0.000000,0.000000,0.000000,0.000000,0.000000,0.000000,-0.000000,0.000000,0.000000,0.000000,0.000000,0.000000,0.000000,0.000000,0.000000,0.000000,0.000000,0.000000,0.000000,0.000000,0.000000,0.000000,0.000000,0.000000,0.000000,0.000000,0.000000,-17334555115520.000000,0.000000,0.000000,0.000000,0.000000,0.000000,






without cond: 0.000000,1.083333,0.565000,0.611667,0.686667,0.551667,0.426667,0.486667,0.446667,0.681667,0.376667,0.393333,0.485000,0.356667,0.438333,0.455000,0.421667,0.411667,0.455000,0.530000,0.663333,0.376667,1.846667,0.305000,0.293333,0.498333,0.375000,0.243333,0.436667,0.415000,0.415000,0.426667,0.330000,0.451667,0.535000,0.496667,0.640000,0.390000,0.000000,0.000000,0.000000,0.000000,0.000000,0.000000,0.000000,0.000000,0.000000,0.000000,0.000000,0.000000,0.000000,0.000000,0.000000,0.000000,0.000000,0.000000,0.000000,0.000000,0.000000,0.000000,0.000000,0.000000,0.000000,0.000000,0.000000,0.000000,0.000000,0.000000,0.000000,0.000000,0.000000,0.000000,0.000000,0.000000,0.000000,0.000000,0.000000,0.000000,0.000000,0.000000,0.000000,0.000000,0.000000,0.000000,0.000000,0.000000,0.000000,0.000000,0.000000,0.000000,
with cond: 0.000000,0.348333,0.478333,0.493333,0.408333,0.338333,0.436667,0.598333,0.303333,0.321667,0.525000,0.343333,0.433333,0.455000,0.451667,0.316667,0.316667,1.850000,0.391667,0.355000,0.413333,0.365000,0.223333,0.313333,0.286667,0.403333,0.406667,0.291667,0.350000,0.211667,0.311667,0.330000,0.326667,0.350000,0.416667,0.425000,0.885000,0.335000,0.000000,0.000000,0.000000,0.000000,0.000000,0.000000,0.000000,0.000000,0.000000,0.000000,0.000000,0.000000,-4133480448.000000,0.000000,0.000000,0.000000,0.000000,0.000000,0.000000,0.000000,0.000000,0.000000,0.000000,0.000000,0.000000,0.000000,0.000000,0.000000,0.000000,-0.000000,0.000000,0.000000,0.000000,0.000000,0.000000,0.000000,0.000000,0.000000,0.000000,0.000000,0.000000,0.000000,0.000000,0.000000,0.000000,0.000000,21558853632.000000,0.000000,66357630599168.000000,0.000000,0.000000,0.000000,



--------------------------------------------------------
(300, 20)
without cond: 0.000000,0.418333,0.498333,0.230000,0.323333,0.350000,0.200000,0.250000,0.160000,0.235000,0.226667,0.271667,0.323333,0.326667,0.175000,0.201667,0.203333,0.258333,0.151667,0.241667,0.216667,0.251667,0.368333,0.425000,0.233333,0.320000,0.320000,0.170000,0.226667,0.183333,0.196667,0.300000,0.370000,0.241667,0.306667,0.323333,0.290000,0.281667,0.000000,0.000000,0.000000,0.000000,0.000000,0.000000,0.000000,0.000000,0.000000,0.000000,0.000000,0.000000,0.000000,0.000000,0.000000,0.000000,0.000000,0.000000,0.000000,0.000000,0.000000,0.000000,0.000000,0.000000,0.000000,0.000000,0.000000,0.000000,0.000000,0.000000,0.000000,0.000000,0.000000,0.000000,0.000000,0.000000,0.000000,0.000000,0.000000,0.000000,0.000000,0.000000,0.000000,0.000000,0.000000,0.000000,0.000000,0.000000,0.000000,0.000000,0.000000,0.000000,
with cond: 0.000000,0.215000,0.350000,0.153333,0.300000,0.275000,0.191667,0.166667,0.251667,0.168333,0.173333,0.155000,0.186667,0.155000,0.165000,0.166667,0.151667,0.175000,3.771667,0.173333,0.275000,0.146667,0.221667,0.230000,0.225000,0.536667,0.216667,0.476667,0.215000,0.373333,0.311667,0.186667,0.378333,0.191667,0.180000,0.151667,0.271667,0.165000,0.000000,0.000000,0.000000,0.000000,0.000000,0.000000,0.000000,0.000000,0.000000,0.000000,0.000000,0.000000,0.000000,0.000000,0.000000,0.000000,0.000000,-0.000000,0.000000,0.000000,0.000000,0.000000,0.000000,0.000000,0.000000,0.000000,0.000000,0.000000,0.000000,0.000000,0.000000,0.000000,0.000000,0.000000,0.000000,0.000000,-0.000000,0.000000,0.000000,0.000000,0.000000,0.000000,0.000000,0.000000,0.000000,0.000000,-6698035052544.000000,0.000000,-0.000000,0.000000,0.000000,0.000000,

without cond: 0.000000,0.191667,0.311667,0.216667,0.268333,0.153333,0.246667,0.233333,0.180000,0.400000,0.206667,0.178333,0.300000,0.285000,0.148333,0.223333,0.278333,0.293333,0.235000,0.258333,0.281667,0.331667,0.398333,0.228333,0.260000,0.275000,0.276667,0.305000,0.408333,0.446667,0.250000,0.313333,0.360000,0.558333,0.253333,0.266667,0.338333,0.220000,0.000000,0.000000,0.000000,0.000000,0.000000,0.000000,0.000000,0.000000,0.000000,0.000000,0.000000,0.000000,0.000000,0.000000,0.000000,0.000000,0.000000,0.000000,0.000000,0.000000,0.000000,0.000000,0.000000,0.000000,0.000000,0.000000,0.000000,0.000000,0.000000,0.000000,0.000000,0.000000,0.000000,0.000000,0.000000,0.000000,0.000000,0.000000,0.000000,0.000000,0.000000,0.000000,0.000000,0.000000,0.000000,0.000000,0.000000,0.000000,0.000000,0.000000,0.000000,0.000000,
with cond: 0.000000,0.216667,0.175000,0.378333,0.301667,0.203333,0.186667,0.195000,0.186667,0.270000,0.188333,0.363333,0.186667,0.190000,0.146667,0.238333,0.173333,0.191667,0.146667,0.208333,0.258333,0.201667,0.275000,0.198333,0.296667,0.223333,0.186667,0.248333,0.278333,0.290000,0.296667,0.386667,0.310000,0.341667,0.180000,0.260000,0.283333,0.278333,0.000000,0.000000,0.000000,0.000000,0.000000,0.000000,0.000000,0.000000,0.000000,0.000000,0.000000,0.000000,148090069712896.000000,0.000000,0.000000,0.000000,0.000000,0.000000,0.000000,0.000000,0.000000,-0.000000,0.000000,0.000000,0.000000,0.000000,0.000000,0.000000,0.000000,0.000000,0.000000,0.000000,0.000000,0.000000,0.000000,0.000000,-7044561866621896029659725824.000000,0.000000,0.000000,0.000000,0.000000,0.000000,0.000000,0.000000,0.000000,0.000000,-14292.062500,0.000000,-7039629354830538685234020352.000000,0.000000,0.000000,0.000000,

without cond: 0.000000,0.180000,0.273333,0.195000,0.256667,0.328333,0.368333,0.191667,3.381667,0.348333,0.211667,0.425000,0.453333,0.308333,0.246667,0.208333,0.350000,0.168333,0.276667,0.275000,0.466667,0.846667,0.273333,0.196667,0.366667,0.256667,0.261667,0.316667,0.281667,0.251667,0.246667,0.253333,0.438333,0.278333,0.213333,0.213333,0.270000,0.233333,0.000000,0.000000,0.000000,0.000000,0.000000,0.000000,0.000000,0.000000,0.000000,0.000000,0.000000,0.000000,0.000000,0.000000,0.000000,0.000000,0.000000,0.000000,0.000000,0.000000,0.000000,0.000000,0.000000,0.000000,0.000000,0.000000,0.000000,0.000000,0.000000,0.000000,0.000000,0.000000,0.000000,0.000000,0.000000,0.000000,0.000000,0.000000,0.000000,0.000000,0.000000,0.000000,0.000000,0.000000,0.000000,0.000000,0.000000,0.000000,0.000000,0.000000,0.000000,0.000000,
with cond: 0.000000,0.180000,0.176667,0.371667,0.145000,0.255000,0.211667,0.180000,0.146667,0.206667,0.180000,0.281667,0.230000,0.288333,0.236667,0.151667,0.305000,0.193333,0.220000,0.316667,0.253333,0.271667,0.145000,0.330000,0.188333,0.183333,0.178333,0.145000,0.435000,0.203333,0.318333,0.151667,0.183333,0.328333,0.151667,0.198333,0.196667,0.175000,0.000000,0.000000,0.000000,0.000000,0.000000,0.000000,0.000000,0.000000,0.000000,0.000000,0.000000,0.000000,7759872443273097152086008803580968960.000000,0.000000,0.000000,0.000000,0.000000,0.000000,0.000000,0.000000,0.000000,0.000000,0.000000,0.000000,0.000000,-0.000000,0.000000,0.000000,0.000000,0.000000,0.000000,0.000000,0.000000,0.000000,0.000000,0.000000,0.000000,0.000000,0.000000,0.000000,0.000000,0.000000,0.000000,0.000000,0.000000,0.000000,0.000000,0.000000,-65952994574871160374165504.000000,0.000000,0.000000,0.000000,

without cond: 0.000000,0.396667,0.396667,0.230000,0.338333,0.266667,0.225000,0.195000,0.208333,0.231667,0.241667,0.256667,0.306667,0.373333,0.240000,0.265000,0.208333,0.180000,0.198333,0.210000,0.391667,0.193333,0.218333,0.443333,0.296667,0.233333,0.238333,0.293333,0.268333,0.231667,0.266667,0.330000,0.260000,0.313333,1.165000,0.230000,0.188333,0.191667,0.000000,0.000000,0.000000,0.000000,0.000000,0.000000,0.000000,0.000000,0.000000,0.000000,0.000000,0.000000,0.000000,0.000000,0.000000,0.000000,0.000000,0.000000,0.000000,0.000000,0.000000,0.000000,0.000000,0.000000,0.000000,0.000000,0.000000,0.000000,0.000000,0.000000,0.000000,0.000000,0.000000,0.000000,0.000000,0.000000,0.000000,0.000000,0.000000,0.000000,0.000000,0.000000,0.000000,0.000000,0.000000,0.000000,0.000000,0.000000,0.000000,0.000000,0.000000,0.000000,
with cond: 0.000000,0.238333,0.526667,0.206667,0.178333,0.263333,0.225000,0.165000,0.263333,0.188333,0.166667,0.373333,0.253333,0.316667,0.253333,0.173333,0.388333,0.231667,0.141667,0.175000,0.220000,0.155000,0.231667,0.395000,0.168333,0.176667,0.251667,0.221667,0.181667,0.481667,0.340000,0.221667,0.406667,0.326667,0.258333,0.156667,0.176667,0.158333,0.000000,0.000000,0.000000,0.000000,0.000000,0.000000,0.000000,0.000000,0.000000,0.000000,0.000000,0.000000,-0.000000,0.000000,0.000000,0.000000,0.000000,-0.000000,0.000000,0.000000,0.000000,0.000000,0.000000,0.000000,0.000000,0.000000,0.000000,0.000000,0.000000,0.000000,0.000000,0.000000,0.000000,0.000000,0.000000,0.000000,0.000000,0.000000,0.000000,0.000000,0.000000,0.000000,0.000000,0.000000,0.000000,0.000000,979669155315712.000000,0.000000,0.000000,0.000000,0.000000,0.000000,

without cond: 0.000000,0.153333,0.145000,0.506667,0.191667,0.216667,0.173333,0.251667,0.308333,0.240000,0.223333,0.353333,0.348333,0.250000,0.218333,0.261667,0.231667,0.241667,0.295000,0.246667,0.161667,0.388333,0.203333,0.266667,0.175000,0.221667,0.176667,0.375000,0.290000,0.256667,0.266667,0.270000,0.198333,0.301667,0.160000,0.238333,0.245000,0.213333,0.000000,0.000000,0.000000,0.000000,0.000000,0.000000,0.000000,0.000000,0.000000,0.000000,0.000000,0.000000,0.000000,0.000000,0.000000,0.000000,0.000000,0.000000,0.000000,0.000000,0.000000,0.000000,0.000000,0.000000,0.000000,0.000000,0.000000,0.000000,0.000000,0.000000,0.000000,0.000000,0.000000,0.000000,0.000000,0.000000,0.000000,0.000000,0.000000,0.000000,0.000000,0.000000,0.000000,0.000000,0.000000,0.000000,0.000000,0.000000,0.000000,0.000000,0.000000,0.000000,
with cond: 0.000000,0.158333,0.185000,0.308333,0.180000,0.188333,0.215000,0.370000,0.236667,0.198333,0.230000,0.268333,0.186667,0.203333,0.275000,0.266667,0.223333,0.256667,0.301667,0.236667,0.180000,0.426667,0.363333,0.176667,0.170000,3.700000,0.773333,0.305000,0.255000,0.165000,0.206667,0.201667,0.153333,0.181667,0.153333,0.161667,0.283333,0.176667,0.000000,0.000000,0.000000,0.000000,0.000000,0.000000,0.000000,0.000000,0.000000,0.000000,0.000000,0.000000,-22.554642,0.000000,0.000000,0.000000,0.000000,0.000000,0.000000,0.000000,0.000000,0.000000,0.000000,0.000000,0.000000,-0.000000,0.000000,0.000000,0.000000,0.000000,0.000000,0.000000,0.000000,0.000000,0.000000,0.000000,0.000000,0.000000,0.000000,0.000000,0.000000,0.000000,0.000000,0.000000,0.000000,0.000000,-4876265157558226736894445617152.000000,0.000000,-1976305060418653293580910592.000000,0.000000,0.000000,0.000000,

without cond: 0.000000,0.183333,0.200000,0.368333,0.571667,0.355000,0.346667,0.531667,0.268333,0.298333,2.538333,0.245000,0.226667,0.218333,0.231667,1.736667,0.256667,0.281667,0.285000,0.166667,0.463333,0.286667,0.325000,0.433333,0.305000,0.275000,0.321667,0.173333,0.203333,0.205000,0.256667,0.215000,0.331667,0.263333,0.171667,0.381667,0.211667,0.188333,0.000000,0.000000,0.000000,0.000000,0.000000,0.000000,0.000000,0.000000,0.000000,0.000000,0.000000,0.000000,0.000000,0.000000,0.000000,0.000000,0.000000,0.000000,0.000000,0.000000,0.000000,0.000000,0.000000,0.000000,0.000000,0.000000,0.000000,0.000000,0.000000,0.000000,0.000000,0.000000,0.000000,0.000000,0.000000,0.000000,0.000000,0.000000,0.000000,0.000000,0.000000,0.000000,0.000000,0.000000,0.000000,0.000000,0.000000,0.000000,0.000000,0.000000,0.000000,0.000000,
with cond: 0.000000,0.261667,0.215000,0.161667,0.333333,0.271667,0.301667,0.288333,0.188333,0.366667,0.348333,0.176667,0.166667,0.165000,0.141667,0.241667,0.145000,0.188333,0.230000,0.155000,0.166667,0.323333,0.266667,0.375000,0.218333,0.171667,0.246667,0.180000,0.186667,0.185000,0.216667,0.191667,0.151667,0.166667,0.280000,0.153333,0.438333,0.235000,0.000000,0.000000,0.000000,0.000000,0.000000,0.000000,0.000000,0.000000,0.000000,0.000000,0.000000,0.000000,588844002011250688.000000,0.000000,0.000000,0.000000,0.000000,0.000000,0.000000,0.000000,0.000000,-0.000000,0.000000,0.000000,0.000000,0.000000,0.000000,0.000000,0.000000,0.000000,0.000000,0.000000,0.000000,0.000000,0.000000,0.000000,0.000000,0.000000,0.000000,0.000000,0.000000,0.000000,0.000000,0.000000,0.000000,0.000000,812402986484309263919249096704.000000,0.000000,0.000000,0.000000,0.000000,0.000000,

without cond: 0.000000,0.223333,0.231667,0.178333,0.281667,0.318333,0.281667,0.186667,0.205000,0.211667,0.295000,0.226667,0.378333,0.305000,0.178333,0.235000,0.161667,0.186667,0.328333,0.245000,0.451667,0.238333,0.525000,0.208333,0.306667,0.303333,0.261667,0.211667,0.215000,0.263333,0.246667,0.280000,0.281667,0.293333,0.300000,0.270000,0.246667,0.356667,0.000000,0.000000,0.000000,0.000000,0.000000,0.000000,0.000000,0.000000,0.000000,0.000000,0.000000,0.000000,0.000000,0.000000,0.000000,0.000000,0.000000,0.000000,0.000000,0.000000,0.000000,0.000000,0.000000,0.000000,0.000000,0.000000,0.000000,0.000000,0.000000,0.000000,0.000000,0.000000,0.000000,0.000000,0.000000,0.000000,0.000000,0.000000,0.000000,0.000000,0.000000,0.000000,0.000000,0.000000,0.000000,0.000000,0.000000,0.000000,0.000000,0.000000,0.000000,0.000000,
with cond: 0.000000,0.188333,0.276667,0.168333,0.568333,0.148333,0.331667,0.196667,0.176667,0.230000,0.426667,0.170000,0.188333,0.290000,0.213333,0.181667,0.306667,0.228333,0.178333,0.178333,0.193333,0.540000,0.293333,0.151667,0.208333,0.175000,0.153333,0.423333,0.231667,0.190000,0.183333,0.361667,0.383333,0.173333,0.178333,0.145000,0.245000,0.315000,0.000000,0.000000,0.000000,0.000000,0.000000,0.000000,0.000000,0.000000,0.000000,0.000000,0.000000,0.000000,-0.000000,0.000000,0.000000,0.000000,0.000000,0.000000,0.000000,0.000000,0.000000,0.000000,0.000000,0.000000,0.000000,-0.000000,0.000000,0.000000,0.000000,0.000000,0.000000,0.000000,0.000000,0.000000,0.000000,0.000000,0.000000,0.000000,0.000000,0.000000,0.000000,0.000000,0.000000,0.000000,0.000000,0.000000,998403477386937650222842511360.000000,0.000000,-0.008432,0.000000,0.000000,0.000000,
-------------------------------------------------------------------



without cond: 0.000000,0.186667,0.245000,0.213333,0.248333,0.265000,0.393333,0.278333,0.205000,0.228333,0.275000,0.231667,0.375000,0.218333,0.363333,3.323333,0.270000,0.278333,0.323333,0.340000,0.358333,0.745000,1.918333,0.696667,0.335000,0.251667,0.345000,0.603333,0.476667,0.233333,0.308333,0.376667,3.751667,0.281667,0.228333,0.378333,0.438333,0.225000,0.000000,0.000000,0.000000,0.000000,0.000000,0.000000,0.000000,0.000000,0.000000,0.000000,0.000000,0.000000,0.000000,0.000000,0.000000,0.000000,0.000000,0.000000,0.000000,0.000000,0.000000,0.000000,0.000000,0.000000,0.000000,0.000000,0.000000,0.000000,0.000000,0.000000,0.000000,0.000000,0.000000,0.000000,0.000000,0.000000,0.000000,0.000000,0.000000,0.000000,0.000000,0.000000,0.000000,0.000000,0.000000,0.000000,0.000000,0.000000,0.000000,0.000000,0.000000,0.000000,
with cond: 0.000000,0.226667,0.243333,0.440000,0.198333,0.270000,0.181667,0.263333,0.281667,0.513333,0.185000,0.198333,0.233333,0.321667,0.233333,0.276667,0.198333,0.305000,0.165000,0.268333,0.216667,0.320000,0.281667,0.395000,0.403333,0.211667,0.201667,2.338333,0.463333,0.198333,0.268333,0.261667,0.675000,0.446667,0.191667,0.205000,0.648333,0.341667,0.000000,0.000000,0.000000,0.000000,0.000000,0.000000,0.000000,0.000000,0.000000,0.000000,0.000000,0.000000,-43586779396003668344556252697722880.000000,0.000000,0.000000,0.000000,0.000000,0.000000,0.000000,0.000000,0.000000,0.000000,0.000000,0.000000,0.000000,0.000000,0.000000,0.000000,0.000000,-0.000000,0.000000,0.000000,0.000000,0.000000,0.000000,0.000000,0.000000,0.000000,0.000000,0.000000,0.000000,0.000000,0.000000,0.000000,0.000000,0.000000,-0.000000,0.000000,0.000000,0.000000,0.000000,0.000000,


(300, 20)
without cond: -0.000730,0.186667,0.240000,0.385000,0.318333,0.203333,0.165000,0.190000,0.180000,0.165000,0.235000,0.266667,0.203333,0.225000,0.333333,0.240000,0.231667,0.288333,0.280000,0.161667,0.276667,0.196667,0.210000,0.186667,3.671667,0.161667,0.441667,0.211667,0.243333,0.305000,0.191667,0.256667,0.221667,0.503333,0.266667,0.160000,0.328333,0.288333,0.000000,0.000000,0.000000,0.000000,0.000000,0.000000,0.000000,0.000000,0.000000,0.000000,0.000000,0.000000,0.000000,0.000000,0.000000,0.000000,0.000000,0.000000,0.000000,0.000000,0.000000,0.000000,0.000000,0.000000,0.000000,0.000000,0.000000,0.000000,0.000000,0.000000,0.000000,0.000000,0.000000,0.000000,0.000000,0.000000,0.000000,0.000000,0.000000,0.000000,0.000000,0.000000,0.000000,0.000000,0.000000,0.000000,0.000000,0.000000,0.000000,0.000000,0.000000,0.000000,
with cond: 0.000000,0.186667,0.171667,0.261667,0.358333,0.143333,0.286667,0.158333,0.158333,0.168333,0.273333,0.183333,0.253333,0.153333,0.266667,0.325000,0.198333,0.168333,0.191667,0.191667,0.160000,0.193333,0.281667,0.168333,0.153333,0.171667,0.190000,0.186667,0.168333,0.305000,0.181667,0.200000,0.156667,0.251667,0.211667,0.166667,0.150000,0.390000,0.000000,0.000000,0.000000,0.000000,0.000000,0.000000,0.000000,0.000000,0.000000,0.000000,0.000000,0.000000,0.000000,0.000000,0.000000,0.000000,0.000000,0.000000,0.000000,0.000000,0.000000,-0.000000,0.000000,0.000000,0.000000,0.000000,0.000000,0.000000,0.000000,0.000000,0.000000,0.000000,0.000000,0.000000,0.000000,0.000000,304916564614840320.000000,0.000000,0.000000,0.000000,0.000000,0.000000,0.000000,0.000000,0.000000,0.000000,-0.000730,0.000000,304629454641037312.000000,0.000000,0.000000,0.000000,


----------------------------------------------------------------------------------


(500, 10) 10 -> 197
without cond: 0.000000,0.330000,0.240000,0.243333,0.250000,0.273333,0.273333,0.251667,0.278333,0.198333,0.245000,0.350000,0.776667,1.000000,0.238333,0.363333,0.873333,0.225000,0.278333,0.265000,0.296667,0.263333,0.421667,0.196667,0.240000,0.610000,1.585000,0.225000,0.353333,0.305000,1.216667,0.295000,3.543333,0.383333,0.353333,0.660000,0.386667,0.355000,0.000000,0.000000,0.000000,0.000000,0.000000,0.000000,0.000000,0.000000,0.000000,0.000000,0.000000,0.000000,0.000000,0.000000,0.000000,0.000000,0.000000,0.000000,0.000000,0.000000,0.000000,0.000000,0.000000,0.000000,0.000000,0.000000,0.000000,0.000000,0.000000,0.000000,0.000000,0.000000,0.000000,0.000000,0.000000,0.000000,0.000000,0.000000,0.000000,0.000000,0.000000,0.000000,0.000000,0.000000,0.000000,0.000000,0.000000,0.000000,0.000000,0.000000,0.000000,0.000000,
with cond: 0.000000,0.716667,0.188333,0.241667,0.163333,0.221667,0.173333,0.210000,0.156667,0.201667,0.190000,0.300000,0.251667,0.235000,0.223333,0.193333,0.245000,0.180000,0.251667,0.240000,0.183333,0.153333,0.208333,0.203333,0.180000,0.215000,0.258333,0.546667,0.203333,0.458333,0.151667,0.221667,0.180000,0.248333,0.161667,0.155000,0.188333,0.246667,0.000000,0.000000,0.000000,0.000000,0.000000,0.000000,0.000000,0.000000,0.000000,0.000000,0.000000,0.000000,0.000000,0.000000,0.000000,0.000000,0.000000,-0.000000,0.000000,0.000000,0.000000,0.000000,0.000000,0.000000,0.000000,0.000000,0.000000,0.000000,0.000000,0.000000,0.000000,0.000000,0.000000,0.000000,0.000000,0.000000,-1771808.000000,0.000000,0.000000,0.000000,0.000000,0.000000,0.000000,0.000000,0.000000,0.000000,-0.000000,0.000000,-1770763.500000,0.000000,0.000000,0.000000,

without cond: 0.000000,0.538333,0.398333,0.300000,0.321667,0.641667,0.721667,0.561667,0.410000,1.380000,0.390000,0.503333,0.471667,0.655000,0.455000,0.368333,0.298333,0.346667,0.426667,0.343333,0.343333,0.346667,0.368333,0.298333,0.460000,0.340000,0.398333,1.660000,0.553333,0.530000,0.523333,0.263333,1.623333,0.366667,0.416667,0.356667,0.303333,0.456667,0.000000,0.000000,0.000000,0.000000,0.000000,0.000000,0.000000,0.000000,0.000000,0.000000,0.000000,0.000000,0.000000,0.000000,0.000000,0.000000,0.000000,0.000000,0.000000,0.000000,0.000000,0.000000,0.000000,0.000000,0.000000,0.000000,0.000000,0.000000,0.000000,0.000000,0.000000,0.000000,0.000000,0.000000,0.000000,0.000000,0.000000,0.000000,0.000000,0.000000,0.000000,0.000000,0.000000,0.000000,0.000000,0.000000,0.000000,0.000000,0.000000,0.000000,0.000000,0.000000,
with cond: 0.000000,0.366667,0.425000,0.318333,0.423333,0.933333,0.621667,0.411667,0.531667,0.368333,0.291667,0.476667,0.551667,0.565000,0.330000,0.400000,0.346667,0.240000,0.285000,0.325000,0.288333,0.501667,0.501667,0.741667,0.310000,0.325000,1.355000,0.305000,0.305000,0.403333,2.126667,0.373333,0.248333,0.311667,0.303333,0.350000,0.471667,2.056667,0.000000,0.000000,0.000000,0.000000,0.000000,0.000000,0.000000,0.000000,0.000000,0.000000,0.000000,0.000000,0.000000,0.000000,0.000000,0.000000,0.000000,0.000000,0.000000,0.000000,0.000000,0.000000,0.000000,0.000000,0.000000,0.000000,0.000000,0.000000,0.000000,-0.000000,0.000000,0.000000,0.000000,0.000000,0.000000,0.000000,0.000000,0.000000,0.000000,0.000000,0.000000,0.000000,0.000000,0.000000,0.000000,0.000000,-0.000000,0.000000,0.000000,0.000000,0.000000,0.000000,


without cond: 0.000000,0.463333,0.520000,0.300000,0.358333,0.318333,0.358333,2.395000,0.336667,0.348333,0.346667,1.975000,0.443333,0.338333,0.421667,0.386667,0.406667,1.906667,0.411667,0.331667,0.275000,0.416667,0.610000,0.418333,0.386667,0.413333,0.783333,0.491667,0.398333,2.836667,0.273333,0.356667,0.460000,0.475000,1.301667,0.433333,0.391667,0.328333,0.000000,0.000000,0.000000,0.000000,0.000000,0.000000,0.000000,0.000000,0.000000,0.000000,0.000000,0.000000,0.000000,0.000000,0.000000,0.000000,0.000000,0.000000,0.000000,0.000000,0.000000,0.000000,0.000000,0.000000,0.000000,0.000000,0.000000,0.000000,0.000000,0.000000,0.000000,0.000000,0.000000,0.000000,0.000000,0.000000,0.000000,0.000000,0.000000,0.000000,0.000000,0.000000,0.000000,0.000000,0.000000,0.000000,0.000000,0.000000,0.000000,0.000000,0.000000,0.000000,
with cond: 0.000000,0.326667,0.316667,0.298333,0.398333,1.290000,0.483333,0.411667,1.471667,0.343333,0.355000,0.288333,1.731667,0.275000,0.395000,1.878333,1.398333,0.418333,0.371667,0.241667,0.406667,0.325000,0.591667,0.363333,0.233333,0.315000,1.923333,1.986667,0.468333,0.448333,0.423333,0.231667,0.281667,0.650000,0.246667,2.088333,0.455000,0.523333,0.000000,0.000000,0.000000,0.000000,0.000000,0.000000,0.000000,0.000000,0.000000,0.000000,0.000000,0.000000,0.000000,0.000000,0.000000,0.000000,0.000000,0.000000,0.000000,0.000000,0.000000,0.000000,0.000000,0.000000,0.000000,-0.000000,0.000000,0.000000,0.000000,0.000000,0.000000,0.000000,0.000000,0.000000,0.000000,0.000000,0.000000,0.000000,0.000000,0.000000,0.000000,0.000000,0.000000,0.000000,0.000000,0.000000,-0.114869,0.000000,-0.000000,0.000000,0.000000,0.000000,



without cond: 0.000000,0.710000,0.488333,0.441667,0.363333,0.390000,0.408333,0.381667,0.548333,0.521667,0.296667,0.371667,0.426667,0.336667,0.446667,1.741667,0.341667,0.548333,0.386667,0.436667,0.376667,0.351667,0.265000,0.441667,0.326667,0.491667,0.478333,0.661667,0.355000,0.660000,0.320000,0.320000,2.073333,0.313333,0.590000,0.418333,0.593333,0.438333,0.000000,0.000000,0.000000,0.000000,0.000000,0.000000,0.000000,0.000000,0.000000,0.000000,0.000000,0.000000,0.000000,0.000000,0.000000,0.000000,0.000000,0.000000,0.000000,0.000000,0.000000,0.000000,0.000000,0.000000,0.000000,0.000000,0.000000,0.000000,0.000000,0.000000,0.000000,0.000000,0.000000,0.000000,0.000000,0.000000,0.000000,0.000000,0.000000,0.000000,0.000000,0.000000,0.000000,0.000000,0.000000,0.000000,0.000000,0.000000,0.000000,0.000000,0.000000,0.000000,
with cond: 0.000000,0.380000,0.448333,0.355000,0.313333,0.278333,0.300000,0.273333,0.310000,0.325000,0.295000,0.436667,0.226667,0.428333,0.248333,0.451667,0.305000,0.250000,0.413333,0.445000,0.256667,0.516667,0.191667,0.308333,0.226667,2.590000,0.333333,0.338333,1.405000,0.403333,2.950000,0.228333,0.535000,0.433333,0.380000,0.283333,1.118333,1.040000,0.000000,0.000000,0.000000,0.000000,0.000000,0.000000,0.000000,0.000000,0.000000,0.000000,0.000000,0.000000,-0.000000,0.000000,0.000000,0.000000,0.000000,0.000000,0.000000,0.000000,0.000000,-0.000000,0.000000,0.000000,0.000000,0.000000,0.000000,0.000000,0.000000,0.000000,0.000000,0.000000,0.000000,0.000000,0.000000,0.000000,0.000000,0.000000,0.000000,0.000000,0.000000,0.000000,0.000000,0.000000,0.000000,0.000000,-1393311185622252416432361963520.000000,0.000000,0.000000,0.000000,0.000000,0.000000,



without cond: 0.000000,0.233333,0.330000,0.160000,0.303333,0.343333,0.200000,0.440000,1.301667,0.310000,0.228333,0.346667,0.221667,0.228333,0.313333,0.180000,0.245000,0.218333,1.426667,0.243333,0.328333,0.255000,0.261667,0.176667,0.201667,0.290000,0.221667,0.748333,0.203333,0.203333,0.250000,0.271667,0.293333,0.521667,0.233333,0.978333,0.228333,0.348333,0.000000,0.000000,0.000000,0.000000,0.000000,0.000000,0.000000,0.000000,0.000000,0.000000,0.000000,0.000000,0.000000,0.000000,0.000000,0.000000,0.000000,0.000000,0.000000,0.000000,0.000000,0.000000,0.000000,0.000000,0.000000,0.000000,0.000000,0.000000,0.000000,0.000000,0.000000,0.000000,0.000000,0.000000,0.000000,0.000000,0.000000,0.000000,0.000000,0.000000,0.000000,0.000000,0.000000,0.000000,0.000000,0.000000,0.000000,0.000000,0.000000,0.000000,0.000000,0.000000,
with cond: 0.000000,0.466667,0.385000,0.286667,0.156667,0.336667,0.181667,0.220000,0.320000,0.398333,0.848333,0.263333,0.345000,0.166667,0.141667,0.171667,1.940000,0.196667,0.315000,0.280000,0.345000,0.233333,0.211667,0.195000,0.231667,0.155000,0.535000,0.201667,0.156667,0.233333,0.153333,0.290000,0.196667,0.245000,0.723333,0.183333,0.178333,0.200000,0.000000,0.000000,0.000000,0.000000,0.000000,0.000000,0.000000,0.000000,0.000000,0.000000,0.000000,0.000000,0.000000,0.000000,0.000000,0.000000,0.000000,0.000000,0.000000,0.000000,0.000000,0.000000,0.000000,0.000000,0.000000,-0.000000,0.000000,0.000000,0.000000,0.000000,0.000000,0.000000,0.000000,0.000000,0.000000,0.000000,0.000000,0.000000,0.000000,0.000000,0.000000,0.000000,0.000000,0.000000,0.000000,0.000000,0.000000,0.000000,-0.000000,0.000000,0.000000,0.000000,



without cond: 0.000000,0.208333,0.235000,0.425000,0.248333,0.566667,3.651667,0.188333,0.233333,0.281667,0.228333,0.205000,0.266667,0.228333,0.238333,0.191667,0.291667,0.305000,0.316667,0.185000,0.248333,0.216667,0.258333,0.280000,0.333333,0.303333,0.365000,1.146667,0.178333,0.316667,0.255000,0.283333,0.473333,0.196667,0.315000,0.203333,0.240000,0.223333,0.000000,0.000000,0.000000,0.000000,0.000000,0.000000,0.000000,0.000000,0.000000,0.000000,0.000000,0.000000,0.000000,0.000000,0.000000,0.000000,0.000000,0.000000,0.000000,0.000000,0.000000,0.000000,0.000000,0.000000,0.000000,0.000000,0.000000,0.000000,0.000000,0.000000,0.000000,0.000000,0.000000,0.000000,0.000000,0.000000,0.000000,0.000000,0.000000,0.000000,0.000000,0.000000,0.000000,0.000000,0.000000,0.000000,0.000000,0.000000,0.000000,0.000000,0.000000,0.000000,
with cond: 0.000000,0.176667,0.271667,0.220000,0.345000,1.238333,0.270000,0.323333,0.170000,0.160000,0.163333,0.201667,0.281667,0.180000,0.256667,0.873333,1.225000,0.205000,0.175000,0.180000,0.261667,0.158333,0.173333,0.211667,0.821667,0.530000,0.281667,0.163333,0.220000,0.230000,0.206667,0.153333,1.351667,0.186667,0.168333,0.350000,0.183333,0.161667,0.000000,0.000000,0.000000,0.000000,0.000000,0.000000,0.000000,0.000000,0.000000,0.000000,0.000000,0.000000,0.000000,0.000000,0.000000,0.000000,0.000000,-0.000000,0.000000,0.000000,0.000000,0.000000,0.000000,0.000000,0.000000,0.000000,0.000000,0.000000,0.000000,0.000000,0.000000,0.000000,0.000000,0.000000,0.000000,0.000000,-76859392.000000,0.000000,0.000000,0.000000,0.000000,0.000000,0.000000,0.000000,0.000000,0.000000,441282957688084365312.000000,0.000000,-76792544.000000,0.000000,0.000000,0.000000,



without cond: 0.000000,1.171667,0.243333,1.598333,0.331667,0.293333,0.283333,0.243333,0.216667,0.250000,0.470000,0.196667,0.211667,0.298333,0.198333,0.205000,0.201667,0.378333,0.273333,0.241667,0.278333,0.283333,0.240000,0.258333,0.286667,0.176667,1.028333,0.271667,0.231667,0.220000,0.283333,0.341667,0.453333,0.218333,0.203333,0.201667,0.198333,0.680000,0.000000,0.000000,0.000000,0.000000,0.000000,0.000000,0.000000,0.000000,0.000000,0.000000,0.000000,0.000000,0.000000,0.000000,0.000000,0.000000,0.000000,0.000000,0.000000,0.000000,0.000000,0.000000,0.000000,0.000000,0.000000,0.000000,0.000000,0.000000,0.000000,0.000000,0.000000,0.000000,0.000000,0.000000,0.000000,0.000000,0.000000,0.000000,0.000000,0.000000,0.000000,0.000000,0.000000,0.000000,0.000000,0.000000,0.000000,0.000000,0.000000,0.000000,0.000000,0.000000,
with cond: 0.000000,0.221667,0.260000,0.226667,0.371667,0.210000,0.221667,0.208333,0.188333,0.996667,0.231667,0.190000,0.225000,0.230000,0.205000,0.176667,0.215000,0.285000,0.175000,0.156667,0.190000,0.313333,0.263333,0.191667,0.208333,0.188333,0.406667,0.318333,0.181667,0.166667,0.260000,0.363333,0.431667,0.218333,0.193333,0.185000,0.243333,0.205000,0.000000,0.000000,0.000000,0.000000,0.000000,0.000000,0.000000,0.000000,0.000000,0.000000,0.000000,0.000000,416300665921339392.000000,0.000000,0.000000,0.000000,0.000000,0.000000,0.000000,0.000000,0.000000,-0.000000,0.000000,0.000000,0.000000,0.000000,0.000000,0.000000,0.000000,0.000000,0.000000,0.000000,0.000000,0.000000,0.000000,0.000000,-1328761500364031884484056273500766208.000000,0.000000,0.000000,0.000000,0.000000,0.000000,0.000000,0.000000,0.000000,0.000000,-2317520240934209867202166784.000000,0.000000,-1328099469838062691679124620251758592.000000,0.000000,0.000000,0.000000,



without cond: 0.000000,0.353333,0.335000,0.230000,0.243333,0.336667,0.816667,0.370000,0.310000,0.205000,0.746667,0.411667,0.235000,0.300000,0.230000,0.238333,0.230000,0.206667,0.445000,0.248333,0.276667,0.200000,0.303333,2.130000,0.345000,0.255000,0.236667,0.301667,0.191667,0.181667,0.246667,0.301667,0.236667,0.255000,0.203333,0.311667,0.285000,0.270000,0.000000,0.000000,0.000000,0.000000,0.000000,0.000000,0.000000,0.000000,0.000000,0.000000,0.000000,0.000000,0.000000,0.000000,0.000000,0.000000,0.000000,0.000000,0.000000,0.000000,0.000000,0.000000,0.000000,0.000000,0.000000,0.000000,0.000000,0.000000,0.000000,0.000000,0.000000,0.000000,0.000000,0.000000,0.000000,0.000000,0.000000,0.000000,0.000000,0.000000,0.000000,0.000000,0.000000,0.000000,0.000000,0.000000,0.000000,0.000000,0.000000,0.000000,0.000000,0.000000,
with cond: 0.000000,0.521667,0.220000,0.378333,0.235000,0.223333,0.246667,0.241667,0.223333,0.196667,0.528333,0.226667,0.343333,0.233333,0.238333,0.195000,0.210000,0.288333,0.170000,0.163333,0.181667,0.196667,2.588333,0.458333,0.286667,0.198333,0.275000,0.373333,0.188333,0.205000,0.236667,0.185000,0.186667,0.890000,0.680000,0.208333,0.186667,0.166667,0.000000,0.000000,0.000000,0.000000,0.000000,0.000000,0.000000,0.000000,0.000000,0.000000,0.000000,0.000000,0.000000,0.000000,0.000000,0.000000,0.000000,-0.000000,0.000000,0.000000,0.000000,0.000000,0.000000,0.000000,0.000000,0.000000,0.000000,0.000000,0.000000,0.000000,0.000000,0.000000,0.000000,0.000000,0.000000,0.000000,-0.000000,0.000000,0.000000,0.000000,0.000000,0.000000,0.000000,0.000000,0.000000,0.000000,-0.000000,0.000000,-0.000000,0.000000,0.000000,0.000000,
without cond: 0.000000,0.241667,0.188333,0.663333,0.290000,0.233333,0.236667,0.836667,0.308333,0.348333,0.221667,0.743333,0.550000,0.223333,0.366667,0.255000,0.230000,0.236667,0.230000,0.226667,0.596667,0.216667,0.338333,0.221667,1.588333,0.238333,0.780000,0.480000,0.266667,0.265000,0.228333,0.250000,0.220000,0.300000,1.025000,0.168333,0.365000,0.243333,0.000000,0.000000,0.000000,0.000000,0.000000,0.000000,0.000000,0.000000,0.000000,0.000000,0.000000,0.000000,0.000000,0.000000,0.000000,0.000000,0.000000,0.000000,0.000000,0.000000,0.000000,0.000000,0.000000,0.000000,0.000000,0.000000,0.000000,0.000000,0.000000,0.000000,0.000000,0.000000,0.000000,0.000000,0.000000,0.000000,0.000000,0.000000,0.000000,0.000000,0.000000,0.000000,0.000000,0.000000,0.000000,0.000000,0.000000,0.000000,0.000000,0.000000,0.000000,0.000000,
with cond: 0.000000,0.440000,0.260000,0.338333,0.160000,0.205000,0.260000,1.216667,0.175000,0.181667,0.305000,1.785000,0.266667,0.316667,0.185000,0.261667,0.190000,0.160000,0.156667,0.166667,0.348333,0.165000,0.201667,0.230000,0.230000,0.241667,0.181667,0.245000,1.160000,0.218333,0.180000,0.175000,0.161667,0.210000,0.168333,0.180000,0.195000,0.390000,0.000000,0.000000,0.000000,0.000000,0.000000,0.000000,0.000000,0.000000,0.000000,0.000000,0.000000,0.000000,0.000000,0.000000,0.000000,0.000000,0.000000,0.000000,0.000000,0.000000,0.000000,0.000000,0.000000,0.000000,0.000000,0.000000,0.000000,0.000000,0.000000,-0.000000,0.000000,0.000000,0.000000,0.000000,0.000000,0.000000,0.000000,0.000000,0.000000,0.000000,0.000000,0.000000,0.000000,0.000000,0.000000,0.000000,-0.000000,0.000000,-5236611044259921920.000000,0.000000,0.000000,0.000000,