1 2 3 4 5 7 8 9 10 11 12 13 14 15 16 17 18 19 20 21
67108 522 257 736 5114 2151 1589 14 23 71 49 82 409 515 915 1124 1694 298 351 514
18676 620 325 817 6172 2450 1909 17 22 79 47 88 450 654 1155 1410 1885 334 479 634
10051 746 390 858 8049 2053 1737 5 18 62 48 88 444 670 1174 1247 1555 278 421 629
7091 529 291 780 5430 1695 1229 14 13 50 34 70 326 512 887 803 1210 187 289 443
56857 542 312 1068 4620 1743 1104 7 15 46 31 75 266 437 764 702 1106 179 308 443
86657 475 271 957 5065 1929 1384 11 19 38 28 58 259 560 861 699 1159 214 352 496
81880 495 213 948 4731 1852 1357 16 18 37 29 55 253 462 679 678 1220 250 341 437
32648 599 281 751 5573 2161 1724 13 28 49 35 75 343 526 830 934 1609 336 423 570
29001 582 301 690 5910 2335 2018 6 20 71 35 68 440 591 1048 1221 1892 373 461 639
48663 700 348 877 6865 2270 1671 8 25 89 42 71 389 680 1056 1170 1568 283 406 622
68755 455 254 751 5086 1755 1184 5 16 51 34 46 242 526 820 770 1272 214 337 473
20140 410 251 848 4966 1908 1104 6 4 74 28 43 245 324 662 674 1219 266 377 471
112405 523 259 846 4194 1881 1025 12 16 44 29 53 232 389 590 664 1185 315 353 430
62649 417 266 746 4416 2278 1155 12 18 55 31 55 283 379 641 770 1387 390 465 492
6953 451 292 824 4901 2690 1338 10 12 54 46 46 319 463 806 925 1697 472 687 632
25983 603 293 618 5863 2697 1451 8 21 73 49 65 410 629 931 1107 1678 506 930 654
89082 663 393 892 6699 2158 1554 10 19 51 36 82 395 679 955 1060 1611 284 427 637
78788 542 240 664 5332 1624 1040 5 7 63 46 58 240 391 694 654 1179 176 317 420
111394 499 276 810 4830 1831 955 14 11 45 37 49 220 392 642 530 1230 163 318 378
67958 422 243 755 4779 1974 1132 11 11 44 22 46 258 362 635 510 1373 219 308 426
17826 487 246 641 5125 2198 1251 7 9 37 31 53 291 439 609 614 1427 231 305 460
54176 410 316 757 4477 2599 1434 8 11 60 39 67 318 478 721 768 1751 327 462 453
9307 544 304 785 6383 2849 1896 9 29 68 49 83 437 678 971 1052 1975 384 506 601
8949 685 406 752 7511 2748 1997 2 26 86 57 51 517 706 1184 1109 1979 277 576 671
28547 491 278 823 5171 2297 1417 9 19 56 25 53 356 407 749 674 1585 233 400 437
78316 462 293 651 4541 2318 1343 6 10 41 34 45 364 333 703 576 1542 235 416 404
102483 392 232 623 4360 2447 1405 6 12 42 33 44 327 408 685 597 1634 284 419 462
6982 421 258 820 4298 2789 1589 10 11 63 35 40 343 448 747 683 1752 332 510 485
35285 471 263 723 4800 3557 1745 21 19 49 39 57 397 552 813 962 2170 382 662 573
55725 519 340 572 5876 4067 2044 25 31 85 61 76 531 660 1101 1347 2460 433 847 589
35327 741 356 1023 7254 3844 1808 11 14 83 63 78 502 603 1231 1242 2461 398 729 628
78656 533 279 925 5287 3318 1341 6 3 57 33 40 320 530 880 899 1903 308 583 442
84201 577 212 863 5396 3562 1258 24 14 66 72 44 332 519 817 784 1923 353 652 444
7168 501 278 819 4808 4215 1389 16 17 56 80 56 405 512 1127 836 2631 477 836 516
48100 483 260 887 4895 4577 1629 22 17 65 82 79 467 529 983 869 2875 550 1030 584
91322 702 337 885 6395 6192 2104 36 43 102 155 86 583 741 1608 1286 3889 875 1496 850
180480 724 367 898 6921 5742 2177 24 30 104 216 114 577 815 1664 1374 3532 1006 1756 916
5030 256 214 435 2859 1121 567 1 6 31 65 16 145 234 590 428 805 216 419 245
72025 570 294 860 5977 1349 728 6 12 41 33 47 255 386 576 610 965 153 283 385
40053 512 221 880 4979 1561 812 2 8 40 19 41 216 378 565 599 933 187 287 391
39874 552 246 877 5301 1773 869 1 12 40 34 53 237 432 647 606 1070 214 329 384
81874 483 220 1003 5660 1933 1005 10 10 54 30 111 281 357 689 733 1071 214 350 427
29757 556 289 781 5477 2204 1177 6 27 49 43 83 296 542 770 842 1367 331 395 595
114968 588 331 784 6053 2127 1324 5 31 69 58 68 337 590 978 1138 1508 281 400 552
27010 749 395 1012 7578 1790 1365 10 21 88 41 66 423 742 1040 1248 1530 226 371 563
162186 603 256 946 5683 1283 908 3 21 47 32 39 241 452 639 663 1029 178 298 450
114759 417 227 714 4484 1494 902 5 6 44 45 108 268 341 583 632 955 192 292 379
85664 445 274 844 5112 1669 1064 8 17 51 39 40 207 390 687 823 1057 206 291 477
7298 396 261 907 4457 1686 1083 8 9 62 45 49 215 379 713 663 1255 219 317 491
8393 460 258 711 4962 2088 1298 3 16 46 50 57 260 495 758 868 1368 333 375 666
87516 558 303 773 6095 2296 1441 3 25 52 67 64 316 590 1009 1032 1550 295 427 614
9398 756 351 776 7459 2162 1668 4 24 73 35 76 348 643 1138 1124 1580 236 510 605
7237 571 240 811 6124 1484 1261 8 17 43 36 65 235 469 755 795 1144 191 281 471
7618 463 209 783 4874 1731 996 12 14 49 29 120 216 410 752 622 1057 192 274 383
8434 453 187 764 4749 1547 1159 12 12 42 39 21 205 503 705 594 1208 215 298 421
10195 447 263 605 4364 2759 1308 9 15 48 38 34 204 342 746 671 1444 251 357 453
18968 527 273 698 5092 2203 1393 5 14 47 45 61 271 514 816 916 1538 299 379 499
20349 586 309 715 5860 2035 1635 2 28 58 55 75 353 483 1054 1120 1710 339 396 532
21154 759 322 811 7629 1711 1468 10 18 72 60 64 283 431 935 1112 1491 256 438 591
18338 445 222 648 5647 1405 1086 4 13 56 29 41 216 401 722 764 1119 141 273 507
18429 508 259 1352 5622 1848 1180 10 12 38 46 68 243 425 735 789 1155 225 325 449
17844 477 223 885 4850 1909 1150 5 11 67 21 42 229 475 753 789 1396 226 328 519
16090 463 214 767 4847 2158 1378 16 10 40 50 72 227 471 776 762 1415 295 333 510
17953 616 274 653 6018 2192 1658 11 19 37 44 50 285 514 868 950 1565 298 405 538
20858 583 350 711 6243 2411 1683 14 15 59 53 61 365 551 1072 1124 1789 333 441 616
18917 630 418 827 7631 2268 1878 9 16 65 42 54 326 650 1020 1161 1487 275 405 623
16369 538 320 864 5976 1971 1400 17 14 60 44 37 258 486 752 877 1343 199 272 503
16035 520 279 939 5188 2077 1422 12 9 61 52 75 227 444 782 738 1327 213 307 450
18736 532 250 881 5246 2335 1447 8 13 55 37 66 237 545 731 803 1390 260 311 523
15938 432 255 874 5203 2601 1559 12 10 60 56 45 206 524 805 810 1604 291 368 469
20758 580 258 697 5008 3104 1694 15 14 72 51 63 277 610 832 1001 1957 375 423 542
30941 629 315 694 6507 3484 2016 13 17 66 74 74 462 803 1194 1404 2508 443 579 657
20517 552 333 699 5287 1978 1240 7 9 32 46 48 270 593 722 900 1467 317 348 475
16975 606 263 979 6605 1730 1104 16 8 42 28 76 217 499 751 777 1269 206 279 525
19535 515 294 792 6045 2105 1218 10 4 28 28 44 229 472 715 716 1247 202 279 413
18500 395 255 916 5312 2035 1143 9 12 42 33 33 249 480 651 631 1284 258 327 462
20148 485 218 845 4908 2038 1352 11 12 42 30 60 245 468 666 682 1317 293 322 400
20961 543 263 741 5587 2134 1441 11 13 31 65 50 265 523 731 860 1500 258 361 509
26386 511 278 600 5857 2330 1642 7 19 53 57 65 330 542 922 968 1710 320 355 517
22812 614 376 777 6556 1703 1664 4 9 35 45 59 273 584 820 1001 1563 254 319 567
19687 524 292 833 5712 1577 1421 7 20 44 33 42 241 495 607 707 1249 199 283 428
20473 470 218 708 4676 1676 1463 7 11 45 40 48 208 341 609 667 1289 272 274 482
20540 433 194 675 4924 1801 1441 10 13 44 49 81 178 420 597 676 1387 249 303 490
22358 362 211 593 4412 1981 1719 7 8 38 39 65 250 427 733 843 1667 271 329 478
25086 547 284 769 5911 2438 2094 16 14 51 61 58 321 610 836 1076 2078 384 449 642
25957 520 303 649 5636 2403 2038 21 13 47 80 58 360 562 805 1149 1833 392 467 675
22406 498 283 674 4910 1965 1700 5 6 47 59 41 294 423 717 895 1423 352 346 586
20411 480 235 617 5290 1505 1365 3 10 26 49 41 208 447 489 742 1301 252 282 551
19513 418 243 675 5214 1683 1095 21 4 43 28 37 190 396 495 602 1177 233 259 487
18512 372 202 576 5002 1705 1204 11 10 41 39 37 158 466 595 547 1211 218 257 480
20040 448 158 664 5129 1999 1434 5 6 26 30 36 232 437 617 707 1295 307 312 473
21325 494 258 1181 5848 2629 1932 17 14 43 49 61 256 669 845 1064 1588 339 374 556
22476 612 307 792 6289 2319 1874 7 17 66 53 67 344 579 977 1206 1601 367 447 673
21498 652 347 775 7223 2007 1972 1 20 66 46 68 322 652 905 1241 1519 299 334 654
18231 534 230 780 6036 1904 1527 6 16 48 30 50 253 576 745 901 1247 282 323 555
18018 471 211 807 5117 1708 1361 14 11 40 38 60 229 479 643 788 1228 216 278 524
17268 434 233 797 4437 1994 1633 9 16 36 47 46 238 454 697 823 1253 258 320 573
16657 477 272 836 4866 2036 1635 7 11 37 49 48 233 389 619 896 1362 298 329 517
18624 477 239 768 5256 2080 1896 7 11 53 57 65 294 467 771 1083 1555 342 393 568
19104 527 311 644 5557 2103 1988 18 9 35 52 64 313 546 814 1294 1557 313 370 623
18670 706 316 764 7139 1811 2053 5 19 70 48 77 313 592 885 1114 1287 261 336 727
16057 617 238 766 6280 1775 1579 10 20 46 37 66 243 504 755 843 1284 266 277 479
16717 489 184 739 5037 2113 1540 5 9 38 36 63 234 622 740 788 1259 243 280 469
16787 428 247 814 5110 2045 1636 3 27 46 46 49 189 563 747 843 1333 277 298 496
19556 462 229 909 4969 2439 1653 11 4 51 53 54 242 595 752 832 1486 381 410 553
22935 513 249 720 5728 2658 1879 13 9 63 65 80 324 860 940 1151 1770 407 468 663
25801 525 269 714 5996 2948 2048 10 13 62 77 81 382 623 876 1343 1971 475 531 777
21805 568 290 728 6306 2055 1637 21 17 47 65 87 318 592 914 1129 1424 365 394 600
18660 510 226 778 5449 1709 1204 9 4 34 43 35 229 423 579 795 1160 234 265 497
19943 491 258 817 5570 1867 1284 3 20 32 32 56 285 478 619 772 1070 238 309 516
20381 388 206 745 4370 1978 1150 7 16 26 37 44 233 424 519 711 1111 230 264 503
20305 409 214 778 4656 2430 1278 11 4 36 41 43 228 628 644 832 1438 253 328 475
21685 485 243 743 5224 2757 1568 13 7 46 43 43 241 583 651 1097 1462 315 367 633
23583 504 252 567 5579 2556 1612 13 22 38 37 51 361 634 736 1242 2048 307 420 684
21561 616 311 751 6094 1873 1724 13 13 42 41 57 289 626 809 1144 1733 256 352 662
19784 420 242 622 4876 1773 1611 10 14 26 36 48 218 419 676 800 1850 204 271 539
19352 421 229 724 5181 1944 1548 9 11 36 39 55 218 406 611 770 1764 192 302 528
19921 389 200 571 4351 1816 1578 4 13 30 32 45 207 531 604 760 1715 249 277 554
21510 499 207 804 4845 2077 1688 11 6 42 35 52 261 370 638 796 1869 300 331 536
24599 477 273 660 5296 2156 2055 6 13 33 35 64 298 518 746 1016 2568 417 391 626
25559 508 280 593 6348 2075 2056 6 9 39 55 54 338 488 834 1136 1675 360 424 673
22813 605 332 1160 6483 1994 1918 13 12 40 49 66 331 717 874 1214 1430 420 406 711
21397 468 228 835 5679 2128 1765 9 12 36 48 42 243 407 624 941 1717 430 372 686
27683 487 305 969 5891 3160 2379 16 14 48 117 63 329 494 790 1180 2477 787 631 800
22068 400 232 686 4060 1976 1750 9 15 18 65 46 263 302 585 854 1562 525 486 557
17877 415 268 758 4455 1604 1310 13 6 30 38 42 241 313 591 881 1110 230 293 582
19834 572 335 837 5759 1917 1703 7 12 32 64 73 291 510 864 1080 1284 336 373 579
20772 494 284 634 5283 1746 1619 15 13 52 57 73 339 507 776 1192 1384 345 443 664
21550 663 352 769 6591 1603 1690 3 13 54 46 67 315 610 883 1184 1336 244 395 705
18921 586 258 780 6319 1524 1451 13 12 35 36 54 236 390 683 966 1242 232 335 589
20051 438 254 906 4740 1680 1258 9 8 34 42 61 270 473 688 820 1195 219 284 579
18783 471 274 807 5609 1712 1348 9 14 20 49 97 242 492 739 877 1191 290 334 538
19382 551 255 788 5448 1907 1390 9 20 44 42 61 242 469 742 950 1298 292 375 520
21361 527 284 805 5551 2343 1711 12 20 39 64 50 318 670 770 1193 1535 329 429 677
22436 587 296 735 6389 2069 1660 20 17 44 51 84 363 613 844 1370 1557 355 455 766
21258 688 338 991 6984 1900 1473 12 12 35 43 72 357 633 992 1397 1416 304 371 720
20800 480 204 931 5689 1712 1132 11 10 42 39 54 254 417 586 937 1227 209 326 580
34130 409 216 814 4816 1568 1100 5 9 21 29 50 227 341 530 792 1156 217 283 539
19349 409 177 693 4481 1644 1108 7 6 24 49 54 224 316 554 756 1244 221 341 570
20146 432 208 786 5072 1785 1315 13 5 47 41 49 272 429 690 870 1385 258 340 536
23701 558 259 761 5485 2005 1528 13 13 50 44 60 330 472 767 1159 1546 336 438 661
24468 510 250 655 5821 1967 1645 10 12 45 56 78 351 675 875 1269 1611 334 364 658
24154 609 369 684 6368 1529 1488 11 21 54 51 67 331 575 935 1238 1397 264 401 702
20102 462 241 601 5165 1400 1129 12 16 37 27 58 259 454 631 841 1302 233 320 520
21217 409 231 640 4897 1364 1232 13 7 22 37 62 216 509 537 757 1198 230 295 512
20373 387 209 611 4470 1576 1244 12 17 42 33 60 226 457 603 723 1306 235 284 518
20715 378 229 679 4324 1979 1509 11 8 45 39 40 239 632 692 845 1424 275 377 545
23299 434 312 765 5237 1966 1705 16 12 56 44 62 332 609 724 1038 1638 326 398 671
26413 560 246 711 5846 1857 1804 10 16 43 56 78 345 727 871 1172 1553 371 429 680
24178 618 326 689 6733 1512 1653 7 15 40 59 81 301 770 920 1181 1442 292 403 668
21793 495 205 741 5204 1325 1361 7 16 51 35 59 259 630 694 822 1278 214 257 546
22558 414 210 622 5093 1334 1466 12 7 28 26 58 205 699 715 752 1350 214 285 531
21643 514 234 1368 5820 1726 1538 14 9 45 51 81 301 701 801 1012 1468 257 338 600
22536 492 206 890 5554 1588 1549 11 14 42 40 80 246 579 721 937 1547 298 344 561
23033 530 301 833 5643 1986 1943 14 5 35 48 71 314 693 817 1140 1783 316 390 689
26210 592 281 669 6144 2026 2085 17 13 53 44 70 317 767 917 1277 1704 329 415 753
24812 673 328 803 6979 1846 2053 9 6 54 41 84 388 758 1044 1360 1379 289 354 725
21368 478 275 814 5248 1638 1747 10 12 42 41 65 318 539 779 884 1357 221 368 567
20080 469 233 774 5114 1804 1704 6 13 43 26 74 324 473 712 764 1260 257 316 530
20515 402 240 771 4950 1914 1588 6 11 57 30 46 281 496 816 880 1318 260 372 535
21019 482 257 788 5032 2007 1777 16 8 32 46 74 284 500 810 854 1465 293 367 580
23307 523 282 752 5671 2641 2180 16 19 70 51 92 407 584 822 1187 1703 367 470 659
24494 573 327 715 6406 2061 2258 11 15 88 52 85 441 653 987 1232 1714 308 455 793
24732 616 266 756 6536 1922 1854 6 13 51 39 68 355 664 1112 1179 1486 291 383 730
18025 518 280 731 5446 1720 1439 13 11 32 19 37 258 510 747 881 1273 191 318 599
17431 468 261 947 5737 1849 1415 11 11 42 42 60 291 435 771 797 1202 199 309 542
21329 451 222 805 5141 1988 1345 15 15 47 37 85 301 453 809 852 1363 278 330 556
20972 432 270 745 4926 2256 1400 13 12 42 32 80 323 536 821 842 1409 279 345 506
23507 568 236 712 5543 2370 1675 17 10 39 48 94 311 553 971 1037 1710 297 420 699
26583 534 346 703 6190 2633 1946 11 23 42 43 65 356 660 1045 1360 1846 346 440 732
28049 651 296 698 7086 2237 1922 4 24 59 39 76 403 681 1054 1343 1604 270 359 785
23215 450 264 881 5320 1743 1366 9 16 56 25 69 261 498 767 921 1306 233 323 570
22167 394 209 784 4793 1830 1327 7 16 42 24 58 239 507 743 821 1200 184 333 534
20883 504 225 698 5179 2159 1576 12 21 38 41 69 293 454 678 849 1271 252 346 540
20174 501 244 638 5029 2075 1672 6 26 36 27 61 253 420 698 840 1443 257 345 534
23433 463 261 739 5240 2542 1996 11 17 60 36 61 304 632 968 1128 1727 311 450 681
29712 508 297 684 5828 2294 2052 12 12 64 53 59 382 704 1018 1285 1828 324 451 775
26498 624 325 706 6664 1921 2070 5 9 78 31 69 388 665 1114 1321 1682 239 435 679
21019 459 244 664 5038 1523 1457 6 8 44 24 69 248 432 743 888 1284 197 314 601
20596 423 224 736 4503 1588 1494 18 9 43 30 56 245 451 695 815 1247 182 296 514
21445 412 223 632 4552 1632 1459 13 14 56 35 62 271 398 676 766 1339 204 326 520
52074 470 265 628 4898 1761 1726 7 11 69 44 63 297 439 763 900 1609 241 329 548
27713 529 298 684 6145 2607 2229 19 19 104 65 93 403 632 1005 1298 1970 310 464 733
25241 587 326 1074 6597 2571 2271 21 18 101 72 84 473 747 1221 1438 2747 358 530 819
23246 514 347 752 5590 1867 1706 20 22 93 68 83 375 579 1158 1246 2438 319 444 707
21201 621 347 887 6363 1730 1762 4 13 102 55 88 344 631 1113 1151 2433 232 422 706
20785 489 215 729 5633 1483 1310 16 16 90 40 60 309 478 877 864 2045 146 364 559
18168 602 253 834 5458 1647 1363 5 26 94 38 62 333 482 927 786 2132 177 344 623
17661 494 251 747 5328 1855 1276 9 23 105 32 50 257 431 805 739 2321 238 361 617
20327 534 272 707 5343 2238 1640 14 14 124 49 63 295 544 1137 1000 2405 315 454 629
23402 566 360 752 6445 2614 2154 15 28 163 45 79 430 623 1410 1305 2407 336 444 791
56638 716 353 826 7259 2279 2160 16 18 160 59 89 482 644 1513 1376 2211 287 477 876
31539 599 300 810 5376 1765 1394 10 13 156 35 69 327 484 1007 786 1460 196 313 562
27514 419 290 805 4908 1716 1275 29 24 110 33 82 298 399 801 709 1534 183 367 593
26301 408 245 831 4749 1918 1447 12 25 133 26 59 309 479 909 755 1514 170 332 503
25006 517 244 905 5107 2102 1469 21 23 129 31 57 339 434 878 854 1751 275 385 556
35618 532 257 803 5310 2519 1887 20 13 153 52 65 445 556 1184 1213 2005 321 481 671
41751 546 332 724 6628 2926 2535 11 21 171 63 118 549 902 1509 1386 2644 423 587 807
29774 685 376 736 7940 2484 2191 23 24 235 47 85 492 792 1545 1254 2552 319 497 801
27061 538 249 709 4876 2026 1798 14 8 169 21 64 331 563 1025 874 1937 230 348 557
26815 441 257 829 5228 2078 1624 16 15 128 38 80 257 565 927 748 1855 196 340 610
24796 449 237 721 4896 2128 1708 14 19 142 32 79 286 556 879 751 1842 225 350 602
24483 441 249 763 4481 2396 1819 23 22 167 27 78 320 541 944 772 2101 241 442 583
26332 510 248 766 5412 2826 2795 19 30 190 56 73 365 671 1154 976 2477 329 456 708
30267 491 288 763 5941 3390 2551 30 49 230 58 89 484 883 1480 1331 2588 405 520 811
30226 774 350 765 7263 3479 3272 31 22 248 52 87 506 925 1544 1345 2233 354 535 870
25083 509 221 719 5557 2683 2063 21 27 193 54 81 322 641 1138 781 1545 192 376 607
24115 425 204 804 4537 3291 2117 22 16 215 30 85 300 557 989 750 1517 213 354 656
24588 426 206 764 4780 2932 2231 18 17 143 38 98 342 525 863 737 1758 224 401 609
21381 448 196 633 4584 2940 2212 24 21 168 39 52 287 427 949 770 1682 244 345 548
27273 486 242 675 5189 3570 2775 19 30 164 66 107 402 580 1230 2712 2114 314 434 655
28158 579 294 752 6296 3559 3091 23 47 244 49 119 456 773 1642 1206 2573 375 532 781
30169 690 365 784 8018 2539 2496 27 33 268 43 88 486 942 1517 1154 2415 329 551 793
23430 539 244 1180 5833 1930 1688 19 22 166 41 54 290 722 1130 830 1842 257 353 558
23762 516 227 929 5257 2067 1627 19 23 129 46 59 307 611 996 767 1798 220 390 567
20904 442 224 817 4940 2221 1843 15 34 171 42 86 303 705 1084 830 2020 247 424 618
21892 447 213 794 4429 2163 1704 21 25 176 35 75 311 628 949 859 1938 307 389 648
28420 486 319 812 5592 2643 2196 24 21 235 60 84 430 738 1345 1052 2455 371 482 666
27887 531 296 737 5616 3121 2893 31 44 262 60 121 487 949 1844 1275 2753 432 571 818
26664 669 354 847 7057 2988 2660 33 24 282 57 96 537 931 1818 1305 2924 371 570 849
22490 478 274 745 5305 2473 1945 26 20 189 51 52 361 618 1199 876 2234 259 447 692
21091 500 261 674 5151 2352 1701 24 24 173 36 46 348 526 1000 780 2184 278 385 605
20459 456 250 737 4877 2807 1911 17 20 187 54 49 341 647 929 839 2337 262 458 642
22318 457 236 780 5022 3001 1837 24 18 179 54 79 390 715 1106 796 2577 345 500 618
22034 533 228 901 5236 3624 2441 22 12 257 90 88 496 685 1242 1064 2912 436 536 695
24008 507 261 707 6213 3359 2392 44 44 301 90 91 512 804 1748 1302 3259 486 622 834
53952 684 310 832 7857 2791 2402 30 36 288 57 87 672 862 1676 1342 2633 335 620 858
34135 441 239 679 4837 2328 1722 26 25 237 36 96 392 700 1168 800 1926 244 449 566
32469 402 201 700 4805 2221 1495 20 16 204 44 67 393 536 1062 693 1958 302 426 542
40287 499 237 820 5059 2539 1791 17 16 197 42 69 434 561 1038 669 2031 306 454 558
41711 455 174 734 4547 2825 1918 19 16 151 46 53 403 594 990 786 2285 405 489 514
41543 486 211 720 5285 3265 2327 51 38 218 52 77 507 632 1107 1010 2663 487 591 777
49054 639 312 737 6228 3248 2569 40 34 324 54 81 580 764 1489 1249 3042 560 668 852
35113 681 324 642 7366 3307 2869 49 37 338 57 98 495 805 1581 1275 3034 419 577 825
26869 496 201 723 5599 2777 1947 42 26 209 40 71 330 625 1075 723 2315 323 446 603
26006 436 203 664 4450 2935 1961 22 13 171 39 60 345 582 988 706 2314 349 409 639
25457 447 216 636 4426 4067 2527 18 24 212 48 84 355 600 1142 647 2355 371 459 598
21475 418 179 592 4499 4993 2669 32 16 241 57 65 382 663 1038 706 2697 483 561 668
28631 671 313 941 6844 5279 3597 48 21 300 52 113 562 894 1665 1262 3426 779 834 849
28852 755 436 796 7902 5663 3551 21 32 392 75 123 679 1008 2057 1568 4191 716 887 936
26365 743 406 756 7949 3727 2962 21 39 351 48 106 622 885 1825 1345 3253 583 628 842
21517 406 195 698 4604 2399 1483 11 23 152 31 76 315 700 1233 617 2676 380 477 527
20085 365 171 616 3719 2434 1479 12 13 159 30 53 290 613 1080 585 2550 551 524 479
21815 355 176 410 3584 2411 1683 19 18 195 34 48 365 558 1016 676 2440 361 522 596
73974 525 262 1385 5387 2894 2071 17 27 211 57 88 493 808 1288 976 3123 308 584 731
70298 596 237 1150 6230 3448 2911 26 32 390 55 83 601 807 1578 1339 3898 348 721 881
84655 686 297 994 6867 3901 3547 37 48 456 83 109 745 1217 2104 1644 4452 445 871 1115
69459 808 369 1112 8113 3581 3198 30 48 538 77 134 744 1139 2122 1556 4770 346 950 1298
57998 607 259 738 5693 2810 2456 28 26 432 55 76 431 838 1551 1035 4129 281 704 818
51285 531 215 1160 5802 3083 2446 37 30 397 55 79 442 819 1660 1055 4180 300 708 925
63528 496 246 873 5109 3115 2223 36 36 406 57 98 515 1075 1524 1042 3698 264 683 815
46819 471 199 978 5244 3072 2375 27 24 368 60 76 421 783 1523 928 4067 373 722 791
25713 540 280 928 5945 4075 2985 45 41 549 90 66 593 1007 1705 1305 4966 482 943 1009
28783 639 309 754 6143 4202 3202 30 72 548 87 114 654 1277 2341 1654 4463 547 1142 1152
28622 783 368 864 8042 3520 3150 20 45 393 90 103 733 1282 2278 1459 4741 470 967 1193
24480 608 223 729 6075 3062 2223 46 36 296 77 82 559 1151 1758 963 3144 342 853 932
22662 499 224 892 5221 3135 2005 75 29 249 76 63 528 979 1691 885 2972 365 849 842
27132 505 247 726 5025 3429 2283 79 50 381 109 90 574 1061 1991 849 3297 415 984 874
45618 461 232 819 4517 3878 2471 72 29 346 102 77 629 1343 2261 929 3819 472 1106 967
34732 517 214 705 5363 4439 2770 103 51 442 130 117 799 1396 2507 1140 4543 628 1464 1130
38018 620 313 1013 6906 5032 3241 139 62 539 152 134 882 1777 3427 1463 5726 766 1949 1503
36729 698 306 852 7876 4502 3402 103 65 632 185 127 823 1684 3571 1438 5234 689 1870 1603
37836 528 252 813 6207 4745 3076 117 58 549 147 132 744 1660 3320 1077 5120 760 1828 1404
40005 492 217 1020 5711 5290 3161 160 65 492 252 104 815 2231 3818 1128 5984 896 2407 1724
50219 528 302 853 5908 5882 3297 182 39 486 372 108 807 1925 3881 1318 6496 1003 3078 1906
13526 166 90 313 1470 1090 677 38 13 60 68 20 158 360 904 279 1009 226 705 396
28509 394 212 713 4090 1582 1519 25 18 164 63 60 375 410 879 817 2222 492 601 586
32772 505 223 828 5182 1990 2215 23 20 240 59 89 480 705 1179 1138 3076 627 758 770
31769 709 308 777 7349 1634 2037 28 31 295 55 75 546 633 1290 1218 2892 583 737 803
27666 609 213 944 6009 1575 1618 24 40 207 47 69 414 605 1026 868 2705 520 593 635
26197 460 207 759 4670 1500 1657 18 24 191 60 62 377 564 925 748 2687 509 546 580
28453 443 208 743 5044 1787 2001 20 37 186 53 68 398 572 982 792 3046 616 641 677
27254 458 230 754 4446 1831 2008 23 40 194 49 67 434 559 1158 813 3596 773 796 722
28265 479 219 744 5621 2496 2616 28 41 293 66 101 506 617 1257 1099 4878 1113 1083 840
32445 661 292 1226 6591 2672 3583 23 32 328 112 109 666 885 1808 1448 6090 1255 1327 969
29921 767 349 1029 8348 2907 3266 21 42 336 89 108 653 958 1724 1501 6237 1226 1308 1088
25970 547 248 1021 5928 2065 2197 22 39 234 61 43 368 544 1125 913 4831 912 963 850
24533 487 257 894 4480 2269 2063 15 25 188 63 63 417 455 1021 785 4692 820 872 743
26902 494 226 950 5258 2990 2582 9 27 242 67 76 455 695 1171 900 7163 1124 1086 903
25925 418 222 969 4420 2586 2663 20 26 232 63 78 406 531 1097 923 7168 1208 1157 904
26880 531 241 876 5549 3196 3443 18 36 281 80 71 532 637 1146 1134 9193 1693 1529 1205
30043 644 314 769 6704 3790 3999 16 42 362 109 80 614 831 1569 1468 11056 2354 1926 1395
27875 834 349 828 8417 3191 4197 25 51 399 89 94 598 926 1622 1474 8161 1978 1645 1326
22748 502 271 802 5126 2625 2809 23 38 278 56 62 415 772 1126 909 6159 1367 1187 869
23677 474 203 793 5010 2714 2803 33 23 266 65 65 380 773 1050 836 6313 1408 1190 873
22591 533 221 822 5282 2743 2827 11 28 278 84 76 365 674 1053 783 6715 1544 1295 950
25217 450 246 672 4934 3034 3147 24 36 259 84 62 438 592 1069 759 7253 1843 1434 987
24217 571 221 902 5041 3728 3755 36 26 399 115 73 518 641 1387 1045 10180 2532 1961 1339
28318 601 338 869 6282 3912 4557 34 40 445 102 96 687 1004 1736 1468 12417 3286 2636 1820
29170 715 381 805 8085 3372 4592 29 43 372 85 84 632 835 1650 1397 10976 2967 2374 1670
27183 544 282 807 5707 2874 3262 25 37 277 74 76 464 728 1180 898 7947 2027 1583 1040
49450 467 231 951 4954 2941 2938 26 28 285 80 85 477 716 1121 915 8188 2137 1743 1186
29541 498 250 746 4768 3534 3660 28 36 309 111 71 519 809 1299 891 9117 2437 1948 1285
29613 477 214 913 5100 3435 3484 35 22 361 118 90 653 683 1421 999 9161 2482 2061 1375
34314 495 251 814 5700 3910 3937 56 49 325 191 140 728 778 1729 1402 9624 2603 2559 1455
36516 649 297 824 7065 4925 4704 62 69 428 214 138 1013 1092 2426 1984 12425 3426 3237 2039
36890 657 345 713 6971 4945 4346 61 43 438 235 111 1025 1080 2386 1998 11213 3354 3132 1956
33958 352 217 624 3658 3171 2605 48 25 222 200 85 650 708 1700 1489 5711 2050 1904 1101
4380 25 11 29 222 105 85 0 1 8 2 2 18 6 68 54 130 64 42 29
23989 544 296 975 5144 1202 907 4 18 101 50 61 322 520 796 978 1428 263 410 478
24450 534 278 720 5364 1374 1140 17 25 141 56 75 378 516 1044 939 1535 341 453 539
29602 612 251 765 6114 1925 1573 21 37 170 79 95 513 785 1450 1388 2351 405 567 710
29214 591 245 870 6062 2060 1678 23 53 169 74 128 557 1050 1726 1514 2267 340 607 647
30021 623 276 846 6552 2011 2040 27 38 133 57 73 580 884 1886 1544 2581 420 568 783
35475 528 279 694 6067 2342 2194 5 38 130 94 78 607 1375 2244 1445 2767 546 682 731
17255 425 168 1111 4574 1044 900 9 13 88 63 49 279 683 1347 847 845 150 306 410
25436 528 250 1231 5231 1448 1256 11 21 142 36 94 440 682 1054 1032 1215 235 371 578
26572 568 250 1113 5372 1564 1408 12 21 140 49 95 409 810 1118 1107 1254 246 394 613
27757 538 266 881 5134 1746 1758 15 23 96 50 77 533 897 1291 1337 1491 304 420 619
29571 644 337 910 7187 1912 1974 14 54 146 56 93 600 1058 1701 1756 1756 330 507 780
29005 778 328 833 8457 1784 1598 10 49 137 55 117 590 898 1580 1572 1568 312 460 783
25526 551 247 838 5566 1384 1210 7 31 91 29 110 339 761 1218 1106 1172 177 314 554
22755 507 191 817 5433 1406 1070 8 22 86 47 72 336 637 978 945 1004 196 337 467
54090 447 282 920 5133 1574 1180 7 28 102 45 116 332 707 968 1068 1247 201 292 477
23837 520 283 886 5294 1973 1530 1 33 73 41 84 419 718 1109 1036 1210 277 321 518
27001 483 289 709 5404 2123 1706 14 30 82 58 77 541 754 1203 1580 1518 350 417 622
29952 702 323 930 7777 2454 2147 11 30 99 56 111 651 1195 1585 1652 1853 354 482 728
26527 745 342 840 7992 1883 1782 11 44 124 52 145 609 983 1616 1636 1703 276 389 763
21489 544 261 890 5732 1428 1222 4 18 64 41 63 354 690 1070 955 1102 173 302 483
24617 571 233 802 5579 1483 1204 23 18 75 32 82 368 709 1067 899 1170 199 303 513
24701 547 250 853 5371 1462 1195 7 28 53 40 59 337 694 1006 890 1199 180 265 477
27248 532 249 993 5064 1834 1353 17 18 72 38 69 367 842 1082 995 1401 240 331 519
28822 555 216 906 5520 2197 1623 17 30 88 52 90 451 881 1149 1260 1790 360 379 587
33006 631 329 817 7108 2467 2211 12 35 125 59 105 559 1025 1549 1589 2129 326 522 767
30435 654 309 804 7711 2000 1882 4 42 71 53 99 543 838 1526 1413 1718 326 433 688
27777 518 231 661 5424 1596 1415 10 16 78 29 79 352 732 1191 1059 1438 230 341 560
27078 460 228 710 4763 1391 1602 8 15 48 30 66 346 607 990 857 1133 195 246 461
27025 502 196 763 4923 1735 1451 10 33 77 27 80 347 615 1252 846 1447 199 325 530
26358 478 245 729 4865 1994 1740 13 30 59 34 109 385 575 1283 996 1370 237 333 523
26084 524 304 719 5109 2330 2050 6 24 84 43 91 417 777 1446 1250 1666 305 377 539
36443 594 326 747 7569 2696 2212 15 49 101 51 106 556 935 1713 1611 2096 357 449 775
53194 818 377 797 8503 2338 2189 8 39 121 46 104 537 899 1678 1702 1923 310 424 715
53442 536 236 779 5931 1750 1253 6 19 58 45 60 307 608 888 869 1370 182 301 462
25842 482 249 752 4926 1566 1368 10 21 60 39 63 337 544 902 873 1440 248 286 531
26067 419 199 705 5227 1811 1350 6 22 62 26 62 308 548 948 810 1490 193 297 507
31607 406 238 739 4739 2008 1588 6 37 57 32 89 338 650 956 908 1690 330 360 520
37426 646 267 1869 6770 3084 2338 15 33 107 58 89 473 851 1364 1510 2443 475 491 631
44933 842 447 1512 8787 3908 3473 10 43 101 72 137 677 1084 2095 1934 3683 666 723 855
37976 777 418 989 8242 3119 3069 9 28 66 55 102 534 809 1512 1390 2880 523 551 832
29869 451 241 922 5411 2191 1214 14 21 53 28 86 293 508 991 842 1365 281 318 502
31402 513 258 1058 5607 2428 1524 8 24 53 32 87 317 512 851 958 1584 254 345 507
29310 472 232 937 5190 3054 2015 14 15 70 31 104 418 650 1043 1069 1964 345 395 504
27169 619 301 1011 6648 4137 2808 14 24 120 35 119 528 789 1365 1571 2723 424 495 619
29160 532 230 942 6099 3900 2595 22 27 89 62 171 498 689 1189 1457 2686 541 532 609
30774 562 282 739 6431 4322 2496 10 26 53 53 201 496 958 1262 1532 2839 522 514 745
31638 731 332 863 7859 3428 2532 6 36 85 52 159 616 944 1294 1496 2904 546 568 703
33995 631 267 727 5144 2822 1753 10 15 66 40 93 385 647 885 970 2371 518 440 520
26228 598 263 912 5952 3488 2004 12 12 82 53 114 446 612 911 1058 2823 668 485 536
29225 536 262 905 5796 4175 2140 10 28 51 42 111 396 630 945 994 4247 1160 652 503
27402 408 188 780 4409 2623 1674 9 18 68 57 81 331 460 773 721 3117 608 504 495
30229 486 286 998 6006 2965 1673 9 28 74 46 116 482 746 1040 1177 2177 364 414 570
36090 723 296 786 7344 2676 2105 10 46 96 54 170 607 888 1383 1550 2357 406 500 683
30142 858 420 950 8033 2393 1896 7 42 76 49 128 550 861 1184 1466 2019 294 470 623
28426 549 228 894 6266 2114 1393 14 18 73 28 101 435 555 985 1029 1518 244 418 557
26689 504 259 840 5445 1970 1264 3 22 50 20 102 363 611 892 845 1358 213 332 480
28285 525 276 898 5402 2074 1351 4 28 83 41 141 383 662 914 929 1664 186 359 488
26442 456 276 893 5470 2385 1537 19 28 79 42 106 431 622 1095 949 1891 271 414 564
26778 537 246 882 6021 2351 1618 19 39 85 51 127 452 621 1126 1285 1960 385 441 572
32771 616 339 802 7256 2743 1994 8 38 93 39 136 599 889 1380 1455 2251 366 533 708
31676 845 383 757 8442 2055 1778 9 28 67 43 161 566 790 1380 1337 2023 279 501 675
25465 510 273 748 5633 1643 1137 12 28 75 26 89 381 597 997 890 1414 182 347 480
26239 457 275 662 5106 1553 1109 6 16 61 24 83 343 597 968 748 1276 198 347 516
30130 482 279 633 4788 1629 1271 25 26 49 36 90 315 575 835 712 1403 208 346 423
32525 497 228 778 5331 2085 1450 18 32 64 43 87 396 484 884 838 1655 258 428 518
32426 573 268 991 5599 2399 1783 11 25 83 65 98 505 686 1102 1173 1905 354 438 621
39448 652 341 889 7712 2665 2193 11 36 106 53 127 616 750 1495 1502 2555 428 546 739
37466 817 422 1036 9013 2250 1909 7 21 108 70 137 596 914 1614 1553 2368 287 522 770
30260 635 322 864 6056 1824 1397 2 23 81 38 99 375 631 1074 1101 1863 224 393 595
27245 606 300 986 5979 2061 1369 4 29 70 43 118 377 548 1094 1029 1600 223 452 527
21943 469 223 834 4794 2045 1331 9 23 72 41 60 433 490 954 967 1756 207 400 574
21593 472 251 910 4988 2123 1412 10 16 68 52 71 361 583 817 857 1787 246 401 521
25737 540 283 866 5672 2361 1671 13 23 52 53 116 461 576 1095 1133 2091 317 535 651
28959 690 356 822 7193 2738 2072 12 33 83 53 133 554 726 1343 1496 2303 434 647 876
57253 748 355 792 8704 2951 1940 6 38 72 49 131 628 758 1227 1437 2040 324 563 719
22495 619 229 787 5921 2362 1420 16 16 66 39 58 408 573 984 825 1465 260 443 563
23255 484 266 811 5524 2283 1294 5 14 57 36 63 418 492 815 738 1460 267 441 530
22716 511 246 843 5034 2547 1447 14 23 46 59 64 391 480 756 772 1596 353 501 587
37426 483 219 826 4918 2819 1491 15 24 52 76 81 374 496 884 771 1783 391 571 541
27124 520 284 729 5612 2985 1717 10 20 54 63 81 490 449 888 988 2091 493 703 710
31138 618 328 796 6671 3428 2561 11 21 83 51 108 628 719 1229 1315 2460 609 972 784
30767 819 370 842 8289 2734 2526 3 30 70 52 87 515 682 1253 1279 2341 408 726 839
23230 466 218 759 5325 2004 1615 12 19 47 44 93 383 435 788 735 1786 241 337 480
24063 492 226 766 5121 1978 1666 5 11 35 43 48 374 373 706 639 1691 220 357 421
26397 468 205 605 4818 2637 1721 6 19 62 43 67 358 434 779 662 1851 243 433 519
24842 488 232 625 5146 2768 1729 8 24 59 41 68 387 453 754 762 2013 310 475 495
28178 455 222 509 5272 3368 1961 8 17 54 43 95 470 548 823 937 2519 396 583 597
31402 704 270 646 7059 4115 1938 9 30 80 76 86 631 628 1135 1319 3109 462 732 650
30714 778 345 711 7719 3557 1897 14 29 78 61 77 647 534 1247 1353 2768 371 754 707
19778 345 226 522 4485 2289 1049 8 23 59 31 36 324 377 639 613 1496 229 409 406
48142 395 173 590 4705 2489 980 9 23 40 42 42 310 306 681 589 1447 309 469 434
22861 360 174 503 3767 2785 1158 8 22 30 71 44 304 328 694 650 1580 335 592 464
22813 401 214 565 4024 3374 1269 25 21 55 76 45 331 394 814 736 1837 419 710 498
28175 546 259 526 5361 4443 1704 15 24 66 123 80 476 425 1106 976 2674 603 1132 705
32665 547 236 538 5914 4533 1734 8 36 91 176 101 475 532 1378 1290 2787 798 1446 788
15048 242 132 278 2566 879 531 2 7 17 42 24 188 208 428 428 560 169 275 207
36839 426 193 690 4361 952 631 3 8 32 30 24 195 333 449 549 666 134 222 337
18900 342 142 596 3970 877 661 2 12 28 36 56 185 267 524 528 675 130 238 304
18394 373 194 559 3835 1164 670 2 21 30 23 49 188 310 522 507 742 131 252 349
16651 318 160 496 3620 1160 674 7 13 34 25 39 218 367 462 547 757 132 220 318
18663 397 151 479 3915 1349 811 8 22 32 43 39 284 430 614 680 915 161 292 407
20886 464 253 420 4621 1556 1052 3 16 53 41 60 313 496 706 826 981 185 295 430
22332 460 240 555 5332 1187 1017 6 11 45 31 55 288 490 797 865 1057 163 270 483
18273 381 169 453 3876 952 722 4 14 28 24 31 167 336 516 521 828 120 193 316
16577 341 158 431 3586 947 706 1 6 23 23 25 166 295 539 413 787 101 174 279
17735 318 180 440 3299 1028 760 4 13 26 16 37 163 297 466 429 828 144 211 288
16070 314 160 379 3215 1016 760 5 13 31 19 27 195 347 556 514 963 139 208 313
19584 365 190 449 3852 1250 1062 10 13 38 36 63 236 344 598 586 1173 188 264 376
21065 432 214 491 4345 1569 1260 8 18 58 52 60 310 527 803 767 1426 209 354 467
19442 585 240 542 5778 1272 1187 3 13 46 34 49 246 471 735 799 1045 138 312 423
16888 324 183 433 3751 1035 777 1 7 25 30 26 178 368 462 478 713 114 206 302
18380 278 155 467 3549 927 730 7 11 23 15 37 147 302 410 381 707 93 167 318
16168 310 145 484 3682 1115 677 2 6 28 25 32 169 329 417 387 755 110 161 293
16038 269 136 561 3146 1044 748 5 5 22 30 44 180 305 423 411 825 135 215 346
23231 313 178 393 3792 1431 983 7 8 24 34 67 238 403 512 610 950 181 223 307
24417 372 226 464 4093 1542 1254 7 21 41 31 58 277 463 624 775 1098 196 295 411
48641 521 204 499 5840 1372 1158 2 4 33 44 59 283 425 732 808 1132 156 302 438
34363 273 160 375 3476 788 646 5 11 22 18 28 141 243 390 416 625 84 137 248
22682 183 93 213 2327 680 526 3 6 26 14 23 93 246 338 325 430 79 126 207
30542 210 85 230 2127 719 535 2 4 5 20 20 92 202 316 304 483 103 120 154
25395 205 112 241 2396 836 525 1 9 11 21 21 93 149 295 318 471 88 151 191
27171 240 143 215 2796 966 652 0 10 21 22 54 131 209 328 447 620 142 172 199
25161 306 161 232 3066 1018 786 3 4 16 21 31 174 271 428 490 661 120 156 262
15055 340 126 262 3374 852 738 0 6 25 22 32 168 312 478 488 597 95 174 288
12754 207 116 207 2574 625 530 1 5 21 11 24 144 202 295 305 496 79 105 178
13328 262 94 239 2492 613 469 0 3 16 12 13 110 182 268 253 451 94 103 167
13322 180 151 464 2595 758 536 1 10 17 10 32 83 271 312 317 540 91 113 166
12269 162 107 280 2230 813 549 2 1 19 8 21 94 257 288 263 544 99 165 180
13271 224 135 247 2916 887 663 0 3 27 16 27 128 290 367 380 637 120 166 229
14857 258 182 307 3181 1052 807 2 12 12 20 32 158 295 459 459 713 133 189 247
14391 312 173 319 3581 938 740 1 4 29 29 32 154 346 511 424 700 107 178 289
13877 247 149 252 2583 736 546 2 2 28 17 36 127 264 379 299 496 72 105 239
11447 211 119 253 2777 696 571 3 4 25 17 25 87 243 291 285 530 97 145 220
12941 236 111 311 2474 860 515 0 7 10 16 12 94 215 303 255 504 80 104 211
10191 223 139 246 2339 1034 594 3 1 9 11 24 121 204 330 282 570 120 131 215
11825 252 139 306 2784 1111 661 7 2 15 23 20 116 275 321 388 778 168 183 265
15161 270 151 301 3255 1325 853 2 11 39 38 31 202 282 501 540 1043 165 230 322
12505 212 146 246 2824 702 517 10 4 14 20 32 124 217 292 379 661 112 129 189
10131 267 109 199 2915 610 490 1 6 6 11 19 109 180 243 293 458 75 107 177
8831 197 99 241 2337 605 435 0 4 17 12 12 89 237 217 170 450 63 116 180
9787 164 96 219 2068 682 506 0 8 11 13 15 90 166 241 233 429 89 105 129
9719 160 79 222 2049 667 507 8 2 18 9 13 99 123 267 232 408 90 116 160
10971 217 111 203 2410 796 586 2 5 12 10 26 105 212 284 313 535 121 114 182
12683 232 125 176 2622 821 686 0 8 22 16 17 151 230 387 356 602 111 132 242
12972 296 143 225 3574 780 658 2 4 22 19 23 144 245 406 401 619 82 142 212
11382 226 91 241 2636 596 546 1 4 14 12 16 102 189 254 279 473 87 100 171
10304 172 72 215 1960 647 453 3 9 11 9 15 83 98 208 238 455 74 97 148
10302 151 108 216 1860 686 509 4 3 19 16 27 97 149 237 216 475 72 106 158
11729 170 94 189 1785 782 614 0 5 20 16 14 113 155 218 268 548 76 125 174
18591 215 92 264 2644 974 830 2 2 19 30 21 139 203 293 387 718 165 177 207
20841 247 124 222 2997 972 883 0 4 14 18 31 166 204 321 419 762 117 178 265
17480 207 130 212 2359 813 770 2 10 14 44 21 124 157 314 407 658 126 151 286
15507 188 92 221 2445 660 632 3 5 14 15 13 110 147 225 293 497 123 151 220
10872 188 77 206 2052 643 510 2 4 13 15 18 86 179 209 208 426 97 113 212
12497 203 93 197 2078 572 426 0 6 10 6 18 73 159 157 220 395 67 119 185
10941 155 107 183 2256 668 499 0 11 19 12 25 86 138 167 210 439 119 117 215
33394 218 110 194 2222 783 577 2 2 10 22 20 110 185 225 349 524 134 117 182
15435 238 170 392 2897 793 700 6 8 16 20 25 132 198 304 458 568 120 168 250
15812 342 140 300 3310 797 755 3 4 23 14 26 153 226 329 498 554 104 133 237
10079 196 99 251 2259 609 450 3 2 7 9 17 96 183 268 284 423 80 95 196
10611 184 165 272 1899 707 502 0 3 20 15 20 81 198 250 263 415 90 125 183
9949 149 83 180 2398 665 489 1 2 12 14 32 90 150 216 244 472 96 81 160
10061 173 84 200 1721 802 545 0 4 14 16 18 96 135 253 278 440 101 139 205
14423 230 179 241 2405 867 658 1 3 18 16 22 125 206 249 364 561 144 149 195
15594 235 140 182 2877 744 649 6 4 24 27 38 151 263 299 467 559 107 162 253
15028 300 159 267 3313 733 693 0 9 24 25 20 153 275 308 427 527 104 155 217
9241 206 97 198 2320 539 503 5 5 14 12 14 115 176 219 279 438 81 109 174
9864 229 128 184 2354 685 514 2 3 10 12 14 82 118 224 259 480 82 120 144
10465 240 117 291 2289 794 507 4 4 24 15 15 103 159 234 283 536 124 116 235
9585 268 166 292 2541 916 582 2 2 18 14 8 136 119 309 382 645 111 158 245
16843 304 150 350 2995 1162 772 2 2 26 37 33 170 206 324 503 777 192 205 260
17120 426 224 364 3888 1383 962 8 15 20 42 36 211 260 443 702 897 184 261 339
16003 352 177 367 3598 930 753 5 8 30 32 24 170 199 448 573 742 160 244 332
11290 313 213 333 3444 636 665 5 5 17 9 17 109 162 281 469 523 115 190 234
11842 274 183 407 3103 744 594 2 1 19 13 15 137 150 281 375 554 117 142 251
11227 316 167 469 3026 740 574 3 1 25 16 18 111 204 301 412 568 105 150 240
6885 90 56 110 1169 453 316 0 2 5 10 14 55 83 118 175 229 54 68 96
12180 149 71 109 1237 488 357 3 5 5 13 14 71 133 153 232 272 69 79 153
7141 116 60 110 1314 417 351 1 5 8 7 5 69 112 141 226 257 50 66 90
7247 133 66 82 1031 357 305 3 1 6 7 8 57 152 157 216 218 49 65 149
4412 79 43 74 907 261 274 0 0 6 6 8 43 111 88 112 162 36 45 51
3984 88 30 65 682 211 206 0 1 4 2 11 38 67 87 111 141 48 56 76
4351 59 47 101 795 321 225 0 0 9 10 5 52 64 98 135 186 35 36 81
3793 90 30 77 709 317 282 2 0 5 2 6 37 66 65 143 192 38 46 82
6607 70 43 75 836 360 259 1 1 3 6 8 56 101 109 192 218 46 77 84
7191 76 62 71 733 344 340 1 1 6 8 7 54 117 114 225 228 33 63 81
6311 88 32 80 913 264 382 2 0 10 11 11 47 129 120 204 166 43 45 94
19758 41 27 131 631 188 205 0 2 5 13 11 37 78 101 140 154 28 44 62
3571 45 41 93 590 287 297 2 2 0 9 6 32 85 112 137 168 71 44 50
3509 75 35 81 585 462 379 1 2 7 19 7 40 75 109 182 243 91 69 81
2917 43 20 48 479 251 253 2 0 1 7 4 33 58 69 86 160 50 67 59
4416 76 31 48 662 177 239 0 0 2 7 15 42 50 71 109 158 30 40 49
3791 55 44 65 601 193 196 0 0 7 5 12 46 76 115 170 120 33 47 86
4269 82 48 84 959 232 199 0 1 4 15 9 32 101 134 170 108 26 37 63
2161 63 28 67 681 185 200 0 0 6 3 26 22 81 80 135 132 10 30 57
2704 67 34 58 619 216 189 1 1 6 9 4 25 86 82 91 100 24 32 56
2632 85 35 69 572 234 170 0 2 3 6 12 28 59 80 79 122 22 38 55
2313 38 35 54 402 269 185 0 1 3 10 11 36 64 87 99 104 32 33 29
4077 56 29 58 564 261 219 2 6 6 7 16 41 80 130 133 161 27 45 64
4154 51 35 119 551 211 206 2 5 4 7 42 44 86 151 158 152 31 49 57
4255 93 52 65 944 200 191 0 3 11 5 21 37 109 121 148 158 17 34 77
